0
0
0
1
3
4
4
4
4
6
7
8
8
11
11
12
14
16
16
17
18
21
21
21
21
22
22
23
23
24
25
26
27
28
28
33
36
39
42
42
43
44
44
45
45
46
48
48
50
50
50
52
53
55
55
55
56
57
58
58
58
59
59
62
62
63
64
67
68
68
68
69
70
71
73
74
74
75
75
77
78
78
79
80
81
82
82
82
83
85
85
86
87
88
88
89
89
90
91
91
93
93
95
96
97
100
100
101
101
102
104
105
106
106
106
107
110
110
110
111
111
112
114
114
115
116
117
118
118
119
119
119
120
121
123
124
125
125
126
127
127
128
128
128
130
131
132
133
134
134
135
138
139
141
142
144
144
145
145
147
147
148
148
149
150
151
151
151
152
154
156
157
158
158
160
161
161
162
166
166
166
167
171
171
175
176
177
177
177
178
180
181
182
182
183
185
186
187
188
189
189
190
190
191
191
192
194
194
196
199
199
201
201
201
202
203
203
204
204
206
207
208
208
209
210
211
212
213
213
214
215
215
215
217
217
219
222
222
223
226
227
227
228
229
230
231
232
232
232
234
234
235
237
238
238
240
240
241
242
242
246
246
248
249
250
251
252
252
252
253
255
255
255
257
257
258
260
261
262
263
268
268
269
269
272
272
274
276
278
279
280
281
281
283
285
285
287
287
287
289
289
290
290
291
291
292
295
297
303
305
306
306
307
307
308
309
309
311
311
311
313
314
314
314
315
315
318
318
320
321
321
321
321
321
327
327
327
328
329
329
330
330
330
331
331
331
334
334
335
336
337
337
338
339
340
340
341
342
342
342
343
343
345
345
348
349
349
350
351
351
352
354
355
356
356
357
359
361
362
362
363
363
363
365
365
366
368
370
371
372
372
374
375
376
377
380
380
381
381
381
382
386
389
389
390
390
392
392
393
394
397
397
399
401
401
402
403
405
406
408
408
410
411
412
412
414
414
414
415
415
415
416
416
418
418
418
419
422
423
423
425
425
432
433
433
434
435
435
437
439
442
442
443
443
444
444
445
445
445
445
445
446
446
447
448
449
450
450
450
452
453
455
455
457
459
460
460
460
460
461
462
462
462
463
464
467
467
468
469
471
471
472
474
476
476
477
478
478
478
479
479
481
482
483
484
485
487
488
488
490
491
492
494
494
496
497
498
498
499
500
502
502
502
503
504
505
505
507
508
508
510
513
513
513
514
514
516
516
518
519
519
521
522
523
524
524
528
530
530
530
531
532
533
534
534
535
535
536
540
541
541
541
542
543
544
545
546
548
549
550
550
550
551
551
551
552
552
552
553
554
555
556
557
557
558
558
558
558
561
561
564
564
565
566
569
570
571
572
573
573
574
575
576
576
576
576
576
577
579
579
581
582
582
585
586
587
588
589
589
589
589
590
591
594
596
596
597
599
601
601
602
603
603
605
607
610
611
611
611
612
614
614
616
618
619
620
620
620
623
625
627
629
633
633
634
634
635
635
635
635
641
643
643
646
646
646
647
647
648
649
653
653
655
656
656
657
658
658
658
659
660
660
661
663
663
664
665
666
668
669
671
671
671
672
672
673
675
676
676
678
680
681
683
684
685
685
687
687
688
690
690
691
691
692
692
697
697
701
704
705
707
708
709
709
709
710
713
713
715
715
717
719
720
721
721
722
725
725
725
727
728
728
729
738
738
739
741
743
745
745
745
746
746
749
749
749
749
749
750
751
752
753
755
757
757
758
759
759
759
761
762
764
764
766
768
768
770
772
772
774
774
775
777
779
781
781
783
785
786
788
789
792
792
792
792
793
793
793
794
795
796
797
797
800
801
802
802
803
804
805
805
808
812
812
814
814
814
814
815
815
816
816
817
818
818
818
819
820
821
821
823
824
825
825
826
826
827
828
828
828
829
829
830
830
833
833
835
835
836
837
838
839
839
839
841
842
842
844
845
846
846
846
848
850
850
854
855
856
861
861
861
863
866
866
866
867
867
868
868
868
870
871
873
874
874
874
875
875
876
877
878
878
881
881
882
882
883
884
884
885
885
892
892
893
895
896
896
896
897
899
900
901
901
902
902
904
908
908
909
909
910
910
910
911
914
915
916
919
921
921
922
923
927
928
934
934
935
935
935
935
936
936
936
938
938
939
939
939
940
941
943
943
943
944
945
945
947
948
949
950
950
953
955
955
960
961
962
962
962
962
964
965
965
966
967
969
970
970
971
972
974
974
974
976
976
978
978
979
980
982
986
987
988
991
992
994
995
995
996
998
