1
4
5
5
7
7
8
9
10
11
11
12
13
13
14
14
15
17
18
21
21
21
22
23
24
25
25
29
29
29
33
35
35
37
37
38
38
39
40
40
41
41
46
51
53
58
61
62
64
66
67
68
69
70
71
72
72
73
74
75
75
76
76
77
77
79
80
80
80
81
81
81
81
81
82
83
84
84
84
86
87
88
88
89
91
91
93
94
95
96
97
98
99
99
100
101
102
102
103
106
106
107
107
109
110
111
111
112
113
113
114
114
115
115
116
116
117
117
118
118
119
121
123
124
125
125
125
129
130
130
130
130
132
133
133
139
139
139
140
141
144
146
146
153
155
155
155
155
156
156
156
158
159
160
160
160
162
162
163
163
163
164
164
164
165
165
166
167
168
170
171
172
172
172
172
174
175
175
176
180
181
181
182
184
185
186
186
187
188
189
189
191
193
194
194
195
195
195
200
201
201
203
203
203
206
206
208
209
209
210
210
210
210
213
213
213
216
216
216
217
219
220
220
220
221
222
222
226
227
227
227
227
228
230
231
234
235
236
238
239
239
239
240
240
241
241
243
243
243
243
243
246
247
247
250
251
251
252
252
252
253
254
255
255
256
256
258
258
258
259
259
260
260
260
262
263
264
264
265
267
269
270
271
272
273
274
276
277
277
277
277
282
282
283
285
287
288
289
289
291
291
293
295
295
296
297
300
305
305
307
309
310
311
311
312
312
313
314
314
314
314
315
316
317
317
318
319
320
320
320
320
321
322
323
324
325
325
326
326
328
328
329
329
329
330
331
332
332
332
333
334
335
336
337
338
338
339
339
340
342
345
345
346
347
347
349
350
351
352
353
359
360
361
362
362
362
362
366
366
366
367
370
371
371
372
373
373
374
374
375
375
377
377
377
378
379
379
380
380
380
381
382
383
384
385
386
386
386
388
391
392
394
396
396
399
399
400
400
401
403
404
404
405
405
406
409
411
412
412
412
413
413
413
416
417
419
419
420
420
422
422
423
424
424
424
426
429
430
430
430
431
434
434
436
437
437
437
438
438
438
438
439
440
442
444
444
445
445
446
447
449
450
452
452
453
456
456
456
458
458
460
461
462
462
466
470
470
471
471
472
473
477
477
478
479
481
482
483
485
485
485
486
486
486
487
487
491
495
496
496
498
499
500
501
501
503
503
506
507
507
508
508
508
508
509
510
512
513
514
514
515
516
517
517
520
521
522
523
524
524
527
528
529
529
532
533
536
537
539
540
541
541
542
542
545
546
548
549
550
553
554
554
555
557
557
557
560
560
561
561
562
565
567
567
570
571
571
574
575
575
576
577
577
577
578
578
580
581
581
582
582
583
583
584
585
586
588
588
588
589
590
590
591
592
592
594
597
598
598
599
599
601
601
601
602
602
602
605
605
605
606
606
608
608
609
610
612
613
613
615
616
617
617
617
617
618
618
618
621
621
621
622
625
625
626
626
627
628
628
629
629
629
630
630
630
632
632
632
634
635
635
636
638
639
640
640
641
641
642
643
643
643
645
647
647
648
648
649
649
652
652
652
652
653
654
654
655
658
662
665
666
667
667
668
669
670
670
672
673
675
675
677
677
677
679
679
680
681
682
683
684
684
685
685
685
685
686
686
687
687
689
689
690
691
692
693
696
697
700
701
701
701
701
703
706
707
708
708
710
712
713
713
713
715
715
716
720
720
720
722
722
724
725
725
727
729
730
731
731
732
733
734
734
734
735
736
737
739
741
741
741
742
742
744
745
747
748
750
751
751
751
753
754
756
756
757
757
757
758
759
760
760
763
765
769
770
770
771
773
775
776
777
778
779
779
781
781
782
782
785
789
789
790
790
791
793
793
794
796
797
800
802
802
803
805
805
807
808
810
810
811
813
814
815
815
817
818
818
820
823
825
825
826
827
827
828
830
831
831
831
833
833
837
838
839
840
841
841
841
841
844
845
845
846
847
847
849
849
850
850
851
851
852
853
855
857
858
858
859
860
860
861
862
863
863
864
865
866
866
866
870
872
873
874
874
875
876
876
876
877
878
881
881
881
881
883
883
886
890
890
891
891
893
894
894
895
897
898
898
899
899
900
901
901
902
902
905
905
906
906
907
907
909
910
910
912
912
913
916
917
918
920
921
923
924
927
928
928
929
930
931
932
934
935
935
936
938
945
945
947
948
948
950
951
952
953
954
955
956
957
957
959
960
960
961
961
961
962
962
964
965
966
967
969
970
970
971
973
973
974
975
975
975
976
976
976
977
978
978
979
980
980
981
983
983
984
984
989
989
990
990
990
990
992
992
992
993
993
996
996
996
997
998
999
1001
1002
1002
1003
1003
1005
1006
1008
1009
1009
1011
1014
1015
1017
1020
1021
1022
1022
1022
1023
1024
1025
1025
1025
1028
1029
1030
1030
1031
1032
1035
1036
1036
1037
1038
1038
1039
1039
1040
1040
1040
1042
1042
1042
1042
1042
1047
1048
1048
1050
1052
1052
1053
1053
1054
1056
1059
1059
1060
1060
1061
1064
1066
1067
1069
1070
1071
1071
1075
1082
1082
1083
1083
1083
1083
1084
1085
1086
1087
1088
1088
1088
1088
1091
1091
1092
1093
1093
1094
1094
1096
1096
1099
1102
1102
1103
1105
1108
1109
1109
1110
1110
1110
1111
1111
1113
1115
1116
1120
1121
1121
1121
1122
1124
1125
1125
1126
1126
1127
1128
1129
1129
1130
1131
1131
1132
1136
1137
1140
1140
1140
1141
1142
1143
1146
1147
1147
1148
1150
1150
1151
1151
1151
1151
1152
1153
1154
1155
1155
1160
1161
1164
1165
1168
1168
1168
1169
1171
1171
1171
1172
1175
1175
1176
1178
1179
1180
1180
1181
1182
1182
1182
1182
1184
1184
1184
1184
1187
1188
1188
1189
1191
1194
1195
1195
1196
1197
1198
1199
1199
1199
1200
1202
1202
1207
1207
1208
1209
1211
1213
1214
1215
1217
1219
1220
1221
1221
1222
1223
1223
1224
1225
1225
1227
1227
1228
1228
1229
1229
1230
1230
1231
1231
1234
1236
1236
1237
1237
1238
1239
1240
1241
1242
1245
1246
1247
1247
1250
1250
1252
1252
1252
1253
1253
1253
1253
1253
1253
1256
1256
1257
1258
1259
1260
1261
1261
1261
1262
1265
1265
1265
1266
1269
1270
1270
1271
1273
1274
1274
1276
1277
1277
1278
1278
1282
1284
1286
1287
1289
1290
1291
1292
1293
1293
1294
1294
1296
1300
1301
1301
1302
1302
1304
1304
1304
1305
1306
1307
1307
1308
1308
1309
1309
1310
1311
1312
1312
1315
1316
1316
1317
1318
1318
1319
1324
1326
1327
1330
1331
1333
1334
1336
1338
1338
1340
1341
1341
1342
1343
1343
1344
1346
1348
1349
1351
1351
1351
1352
1352
1352
1353
1355
1356
1357
1358
1359
1360
1360
1364
1365
1365
1369
1370
1371
1372
1377
1378
1379
1382
1382
1382
1383
1384
1387
1388
1388
1389
1389
1391
1392
1394
1396
1398
1399
1400
1400
1402
1403
1404
1405
1405
1409
1410
1410
1411
1411
1412
1414
1414
1416
1417
1417
1419
1420
1421
1421
1422
1422
1423
1424
1425
1426
1426
1426
1427
1428
1429
1429
1430
1430
1430
1431
1432
1433
1434
1435
1435
1436
1436
1436
1437
1437
1437
1438
1439
1440
1440
1443
1444
1445
1446
1448
1449
1449
1450
1450
1450
1451
1451
1452
1453
1455
1460
1462
1463
1463
1464
1464
1464
1464
1466
1466
1466
1468
1471
1471
1473
1474
1477
1477
1478
1479
1481
1484
1485
1485
1489
1489
1492
1493
1493
1494
1495
1495
1496
1497
1497
1497
1498
1499
1500
1501
1502
1504
1505
1506
1508
1508
1510
1511
1511
1517
1518
1518
1519
1520
1520
1520
1522
1523
1523
1524
1525
1525
1527
1527
1528
1530
1530
1533
1535
1535
1535
1535
1537
1537
1538
1539
1539
1539
1540
1540
1542
1542
1545
1545
1546
1547
1548
1549
1551
1553
1554
1554
1556
1557
1558
1559
1561
1562
1562
1566
1566
1566
1568
1568
1569
1571
1571
1571
1571
1573
1574
1575
1580
1580
1582
1585
1586
1587
1589
1589
1590
1592
1592
1592
1594
1596
1597
1597
1598
1598
1599
1599
1599
1601
1602
1602
1602
1604
1606
1608
1608
1609
1610
1610
1611
1612
1612
1612
1613
1614
1614
1615
1616
1616
1616
1618
1619
1620
1624
1625
1625
1626
1628
1629
1629
1630
1631
1632
1632
1635
1635
1635
1636
1638
1638
1639
1640
1640
1641
1642
1643
1645
1648
1653
1654
1654
1658
1659
1660
1663
1663
1664
1664
1664
1665
1666
1668
1670
1670
1672
1672
1673
1673
1674
1675
1676
1676
1676
1677
1677
1677
1678
1680
1683
1683
1684
1685
1686
1689
1691
1692
1692
1693
1695
1696
1697
1699
1700
1700
1701
1701
1702
1705
1706
1709
1710
1710
1711
1713
1713
1714
1716
1718
1719
1720
1721
1723
1724
1725
1726
1726
1727
1727
1727
1729
1729
1730
1730
1730
1734
1735
1736
1737
1737
1740
1741
1741
1742
1744
1745
1746
1748
1751
1752
1752
1753
1753
1754
1754
1755
1756
1757
1757
1760
1761
1762
1763
1764
1764
1765
1765
1766
1766
1767
1768
1768
1770
1772
1773
1774
1775
1775
1778
1779
1782
1785
1787
1788
1788
1789
1791
1793
1794
1794
1795
1795
1795
1795
1796
1799
1800
1800
1802
1802
1803
1803
1805
1808
1810
1812
1814
1815
1816
1817
1817
1818
1818
1818
1820
1822
1823
1823
1823
1824
1824
1829
1829
1830
1831
1831
1835
1838
1838
1838
1838
1838
1840
1840
1840
1841
1841
1842
1842
1842
1843
1843
1843
1844
1844
1845
1845
1847
1850
1850
1853
1854
1856
1858
1859
1860
1860
1860
1860
1862
1863
1865
1866
1867
1869
1870
1870
1871
1872
1873
1874
1875
1875
1877
1878
1878
1879
1881
1883
1884
1885
1888
1891
1891
1894
1895
1896
1897
1898
1899
1901
1906
1908
1909
1911
1911
1911
1911
1911
1912
1913
1913
1914
1914
1915
1915
1917
1918
1919
1920
1921
1921
1922
1923
1926
1928
1928
1929
1930
1932
1933
1934
1935
1935
1936
1937
1937
1937
1938
1939
1940
1941
1941
1942
1944
1944
1944
1945
1946
1946
1947
1948
1948
1948
1951
1953
1954
1955
1955
1956
1956
1956
1956
1958
1959
1960
1960
1968
1969
1970
1971
1971
1972
1973
1975
1977
1979
1979
1979
1980
1980
1980
1981
1981
1982
1984
1985
1986
1987
1988
1989
1989
1990
1994
1995
1997
1997
1997
1998
1998
2000
2002
2002
2002
2003
2004
2004
2005
2005
2006
2007
2008
2008
2009
2010
2013
2014
2016
2017
2020
2021
2021
2021
2023
2027
2028
2029
2029
2029
2029
2030
2031
2032
2032
2033
2033
2033
2034
2037
2037
2037
2037
2039
2040
2043
2044
2045
2046
2046
2046
2048
2050
2051
2053
2057
2059
2062
2062
2063
2067
2068
2071
2071
2072
2074
2075
2075
2075
2076
2077
2078
2079
2081
2081
2083
2084
2084
2086
2087
2087
2088
2089
2089
2090
2090
2091
2091
2092
2092
2092
2092
2092
2093
2094
2095
2095
2095
2096
2096
2097
2097
2097
2099
2099
2099
2100
2100
2101
2101
2102
2102
2103
2104
2105
2105
2106
2106
2107
2107
2107
2109
2109
2109
2112
2113
2113
2116
2116
2116
2116
2117
2118
2118
2119
2120
2121
2121
2123
2124
2125
2126
2126
2127
2131
2132
2133
2133
2134
2134
2135
2137
2137
2139
2139
2140
2141
2142
2143
2144
2145
2146
2147
2147
2148
2148
2148
2149
2149
2150
2151
2151
2151
2152
2152
2152
2155
2155
2155
2156
2157
2157
2159
2160
2161
2161
2161
2163
2165
2165
2166
2166
2168
2168
2169
2170
2173
2176
2177
2179
2179
2182
2183
2185
2185
2185
2188
2188
2189
2191
2191
2194
2195
2195
2197
2198
2198
2199
2200
2202
2204
2206
2206
2207
2208
2208
2208
2210
2210
2211
2211
2214
2215
2216
2216
2218
2218
2219
2220
2220
2220
2222
2222
2222
2225
2226
2227
2228
2228
2229
2229
2230
2230
2232
2237
2239
2240
2240
2241
2241
2241
2243
2246
2246
2246
2248
2249
2250
2251
2251
2252
2252
2254
2256
2257
2258
2258
2259
2259
2259
2260
2260
2263
2264
2264
2266
2268
2272
2272
2273
2275
2275
2275
2276
2277
2279
2280
2280
2281
2283
2284
2285
2286
2287
2287
2287
2288
2290
2290
2292
2293
2294
2295
2296
2297
2297
2297
2298
2299
2299
2300
2300
2301
2301
2302
2302
2303
2303
2304
2305
2311
2313
2313
2313
2314
2318
2320
2320
2320
2321
2322
2324
2330
2331
2332
2334
2334
2335
2335
2337
2337
2341
2342
2342
2343
2345
2345
2346
2347
2347
2347
2348
2349
2351
2352
2353
2354
2355
2355
2355
2356
2356
2357
2358
2359
2364
2365
2366
2366
2368
2369
2370
2371
2371
2371
2372
2373
2373
2376
2376
2378
2378
2379
2380
2382
2383
2385
2386
2386
2386
2386
2389
2390
2391
2392
2392
2392
2393
2394
2395
2398
2399
2400
2401
2402
2403
2404
2405
2406
2408
2409
2413
2414
2414
2420
2421
2423
2424
2424
2428
2429
2429
2429
2430
2430
2430
2432
2433
2434
2435
2436
2438
2439
2440
2443
2444
2444
2446
2446
2448
2451
2451
2453
2453
2453
2453
2454
2454
2456
2458
2458
2459
2461
2462
2463
2464
2465
2465
2467
2471
2472
2472
2472
2473
2474
2475
2478
2479
2480
2481
2484
2484
2485
2486
2486
2489
2489
2490
2490
2490
2492
2493
2493
2494
2494
2494
2494
2496
2496
2496
2496
2502
2506
2506
2507
2507
2507
2508
2511
2512
2512
2513
2513
2515
2516
2516
2517
2518
2519
2522
2522
2522
2523
2525
2526
2528
2528
2528
2529
2531
2532
2532
2534
2534
2535
2536
2536
2538
2538
2541
2541
2543
2544
2548
2549
2550
2551
2552
2553
2555
2556
2560
2560
2560
2560
2560
2561
2561
2562
2562
2562
2564
2567
2569
2569
2572
2575
2576
2577
2579
2580
2581
2581
2582
2583
2584
2585
2586
2586
2587
2587
2591
2592
2593
2593
2594
2595
2595
2597
2599
2599
2601
2601
2602
2602
2602
2603
2603
2604
2604
2610
2610
2610
2610
2610
2612
2612
2613
2613
2613
2615
2615
2615
2616
2617
2618
2619
2620
2621
2621
2622
2623
2624
2624
2624
2624
2625
2626
2627
2629
2631
2632
2632
2636
2640
2640
2641
2641
2641
2641
2643
2643
2644
2649
2649
2649
2649
2652
2653
2657
2657
2658
2659
2659
2663
2666
2666
2666
2670
2671
2674
2674
2674
2675
2675
2675
2676
2676
2677
2680
2681
2682
2682
2684
2685
2686
2688
2690
2690
2693
2694
2696
2697
2700
2700
2701
2701
2703
2704
2706
2706
2707
2707
2708
2708
2709
2710
2712
2714
2714
2714
2716
2717
2719
2719
2719
2720
2720
2723
2723
2724
2726
2728
2728
2728
2729
2730
2734
2736
2737
2739
2739
2742
2742
2744
2744
2746
2747
2748
2748
2749
2752
2753
2754
2755
2756
2758
2759
2761
2762
2765
2767
2767
2769
2769
2770
2770
2771
2771
2772
2772
2773
2774
2775
2777
2777
2778
2778
2779
2780
2780
2781
2781
2784
2786
2788
2789
2790
2791
2792
2793
2794
2795
2795
2797
2799
2799
2800
2800
2800
2801
2802
2803
2803
2805
2806
2809
2809
2810
2811
2812
2812
2814
2816
2817
2819
2819
2821
2821
2823
2823
2824
2824
2824
2824
2824
2825
2825
2827
2829
2829
2830
2830
2831
2833
2833
2834
2834
2834
2835
2836
2838
2839
2840
2841
2841
2841
2842
2842
2842
2843
2844
2845
2845
2845
2847
2848
2849
2851
2851
2853
2855
2856
2857
2858
2858
2862
2862
2864
2865
2865
2866
2869
2871
2871
2872
2872
2873
2873
2875
2875
2876
2879
2879
2879
2881
2881
2882
2883
2886
2887
2888
2888
2890
2891
2891
2892
2892
2893
2895
2896
2901
2902
2902
2903
2903
2905
2905
2907
2909
2910
2911
2911
2914
2914
2914
2915
2915
2916
2917
2918
2918
2920
2920
2921
2922
2923
2923
2926
2926
2927
2927
2927
2928
2928
2928
2929
2929
2930
2931
2932
2933
2934
2934
2935
2935
2936
2936
2936
2938
2939
2941
2941
2941
2943
2944
2945
2945
2947
2948
2949
2949
2950
2950
2950
2952
2953
2953
2953
2954
2958
2959
2960
2960
2961
2963
2964
2965
2965
2966
2969
2969
2970
2970
2971
2971
2971
2972
2972
2972
2974
2974
2976
2976
2977
2977
2980
2980
2981
2983
2984
2985
2986
2988
2988
2988
2990
2991
2991
2991
2991
2992
2993
2993
2993
2995
2997
2999
2999
2999
3001
3004
3005
3005
3006
3008
3008
3008
3009
3010
3011
3011
3013
3014
3015
3017
3018
3020
3022
3022
3022
3022
3023
3023
3024
3025
3026
3028
3029
3029
3030
3030
3032
3032
3032
3033
3037
3037
3038
3039
3039
3041
3043
3045
3045
3046
3046
3046
3047
3047
3048
3049
3052
3053
3053
3055
3057
3057
3058
3059
3059
3059
3061
3062
3063
3063
3063
3064
3065
3065
3066
3066
3066
3069
3070
3071
3074
3074
3075
3077
3078
3078
3079
3080
3081
3085
3087
3088
3088
3088
3090
3091
3091
3091
3091
3092
3092
3092
3093
3094
3095
3097
3097
3097
3098
3098
3099
3099
3101
3104
3106
3107
3107
3110
3110
3111
3113
3113
3114
3115
3115
3118
3120
3121
3123
3124
3125
3125
3126
3126
3127
3127
3127
3127
3128
3128
3130
3130
3131
3131
3131
3132
3132
3132
3134
3138
3138
3140
3141
3142
3142
3143
3145
3145
3145
3146
3147
3148
3148
3148
3149
3151
3152
3152
3152
3158
3158
3158
3159
3160
3164
3165
3166
3167
3170
3171
3171
3172
3174
3175
3176
3176
3177
3178
3179
3180
3180
3180
3182
3183
3184
3186
3186
3186
3187
3187
3189
3189
3190
3190
3190
3190
3191
3192
3192
3192
3192
3193
3193
3194
3195
3195
3196
3198
3199
3199
3201
3201
3201
3202
3202
3203
3204
3205
3206
3207
3207
3209
3210
3210
3215
3215
3216
3217
3217
3218
3220
3221
3223
3224
3229
3229
3230
3231
3231
3236
3237
3238
3238
3239
3239
3239
3239
3239
3240
3240
3242
3242
3242
3243
3243
3245
3246
3247
3250
3250
3250
3251
3251
3252
3255
3258
3259
3261
3263
3263
3263
3264
3264
3264
3265
3266
3266
3267
3268
3269
3269
3271
3272
3272
3272
3273
3275
3278
3283
3285
3287
3288
3288
3289
3290
3290
3291
3291
3291
3292
3298
3298
3300
3302
3303
3303
3304
3307
3308
3309
3309
3310
3311
3313
3313
3313
3314
3315
3316
3316
3318
3318
3319
3319
3320
3320
3320
3321
3321
3322
3322
3322
3322
3324
3327
3328
3328
3330
3331
3332
3333
3337
3337
3340
3341
3341
3341
3342
3344
3344
3345
3346
3347
3348
3348
3349
3349
3350
3351
3353
3354
3359
3360
3361
3362
3363
3364
3364
3365
3366
3368
3368
3369
3369
3369
3369
3370
3371
3374
3374
3376
3376
3378
3379
3379
3380
3381
3381
3383
3385
3385
3387
3387
3390
3391
3392
3392
3392
3393
3394
3395
3395
3396
3396
3397
3398
3398
3399
3400
3402
3403
3403
3404
3404
3406
3406
3406
3406
3407
3408
3410
3410
3412
3413
3414
3416
3417
3417
3419
3420
3424
3425
3426
3427
3427
3428
3429
3429
3429
3431
3431
3433
3434
3434
3435
3437
3437
3437
3438
3440
3441
3441
3443
3443
3445
3445
3446
3449
3449
3449
3450
3450
3451
3452
3452
3452
3452
3452
3454
3455
3456
3457
3459
3462
3464
3467
3469
3470
3470
3472
3473
3476
3478
3480
3481
3481
3482
3483
3485
3485
3487
3488
3488
3489
3491
3493
3494
3496
3496
3497
3497
3498
3498
3498
3499
3499
3501
3502
3502
3502
3502
3504
3506
3507
3509
3510
3511
3512
3513
3515
3517
3517
3519
3519
3519
3520
3521
3521
3522
3524
3525
3525
3526
3526
3527
3528
3528
3529
3529
3531
3531
3531
3532
3534
3534
3534
3534
3534
3536
3538
3539
3540
3540
3541
3541
3541
3542
3543
3545
3547
3547
3549
3549
3549
3549
3553
3554
3554
3555
3555
3556
3556
3557
3557
3558
3558
3559
3561
3566
3566
3566
3566
3566
3567
3567
3569
3569
3570
3570
3570
3570
3573
3573
3575
3576
3576
3577
3577
3578
3579
3580
3580
3583
3583
3586
3587
3587
3588
3589
3589
3591
3594
3594
3596
3596
3596
3597
3600
3601
3601
3601
3601
3601
3602
3603
3605
3605
3608
3609
3610
3612
3615
3616
3617
3617
3620
3622
3623
3623
3624
3625
3625
3625
3626
3629
3630
3631
3631
3631
3632
3637
3639
3639
3641
3642
3645
3645
3645
3645
3645
3646
3646
3649
3650
3651
3653
3653
3653
3654
3654
3660
3660
3660
3663
3663
3665
3665
3665
3667
3668
3670
3671
3672
3672
3673
3673
3674
3674
3675
3677
3680
3682
3683
3683
3686
3686
3686
3687
3688
3688
3688
3688
3689
3689
3690
3691
3692
3692
3692
3693
3693
3697
3697
3698
3698
3699
3699
3704
3704
3704
3704
3708
3708
3708
3710
3710
3711
3711
3713
3714
3714
3714
3715
3718
3719
3719
3720
3720
3720
3721
3723
3724
3724
3724
3727
3728
3728
3729
3729
3729
3730
3732
3733
3735
3736
3737
3737
3741
3742
3742
3745
3746
3746
3748
3748
3749
3749
3750
3752
3753
3753
3754
3756
3759
3759
3759
3760
3761
3764
3765
3768
3772
3772
3773
3774
3775
3776
3778
3779
3781
3782
3783
3783
3783
3785
3785
3785
3786
3786
3788
3789
3789
3789
3792
3792
3793
3794
3795
3798
3801
3801
3802
3804
3804
3804
3805
3805
3808
3808
3808
3809
3810
3811
3811
3815
3815
3816
3816
3816
3817
3817
3818
3819
3821
3821
3821
3821
3822
3823
3823
3824
3824
3826
3827
3828
3828
3829
3834
3835
3835
3835
3835
3836
3838
3842
3845
3845
3846
3848
3849
3851
3851
3852
3852
3852
3853
3853
3854
3855
3855
3855
3856
3857
3858
3859
3861
3862
3863
3865
3865
3865
3869
3870
3870
3871
3874
3875
3875
3875
3875
3876
3876
3879
3880
3881
3884
3885
3885
3885
3887
3889
3893
3898
3898
3898
3899
3905
3905
3905
3905
3905
3906
3908
3909
3910
3910
3911
3912
3912
3915
3917
3917
3918
3920
3920
3920
3922
3923
3924
3925
3926
3927
3927
3928
3930
3930
3935
3935
3936
3936
3936
3937
3938
3939
3939
3939
3940
3940
3941
3942
3942
3942
3946
3946
3949
3951
3951
3952
3952
3953
3953
3956
3958
3958
3960
3961
3962
3963
3965
3966
3966
3967
3968
3969
3970
3972
3972
3973
3974
3974
3975
3975
3976
3977
3977
3978
3979
3979
3981
3981
3983
3985
3985
3986
3987
3988
3988
3988
3990
3992
3993
3993
3993
3994
3995
3995
3995
3998
3999
3999
4000
4001
4002
4003
4003
4004
4004
4004
4005
4010
4012
4013
4014
4020
4023
4024
4025
4027
4028
4028
4030
4030
4030
4031
4031
4032
4032
4032
4032
4033
4034
4034
4035
4036
4037
4037
4038
4038
4039
4040
4040
4040
4041
4043
4044
4046
4046
4046
4049
4050
4051
4052
4052
4053
4053
4053
4053
4053
4054
4054
4054
4055
4056
4057
4057
4058
4062
4062
4064
4065
4066
4070
4070
4071
4072
4074
4075
4076
4077
4078
4078
4078
4078
4080
4080
4082
4083
4084
4084
4086
4091
4092
4092
4092
4093
4095
4095
4095
4096
4096
4096
4096
4097
4099
4099
4101
4101
4101
4103
4104
4108
4109
4110
4111
4112
4116
4116
4118
4120
4122
4123
4124
4124
4125
4126
4127
4129
4131
4132
4132
4132
4133
4137
4137
4137
4138
4138
4139
4139
4140
4141
4142
4142
4142
4143
4144
4144
4145
4146
4146
4147
4147
4149
4152
4153
4153
4153
4154
4156
4158
4158
4160
4160
4160
4162
4162
4163
4163
4168
4170
4171
4176
4176
4176
4179
4180
4180
4181
4184
4184
4184
4186
4187
4188
4188
4189
4190
4190
4192
4194
4195
4195
4196
4197
4199
4200
4200
4201
4201
4203
4203
4206
4208
4208
4208
4209
4211
4211
4214
4214
4214
4215
4215
4216
4218
4218
4220
4220
4221
4222
4222
4223
4223
4223
4224
4229
4230
4231
4234
4235
4235
4236
4236
4236
4236
4237
4237
4238
4239
4239
4240
4241
4241
4243
4243
4245
4245
4246
4246
4246
4246
4246
4247
4248
4250
4251
4252
4252
4253
4254
4256
4257
4257
4260
4261
4261
4262
4262
4263
4264
4264
4264
4266
4266
4267
4267
4267
4269
4270
4270
4270
4271
4271
4272
4275
4276
4277
4278
4278
4278
4278
4279
4280
4281
4282
4283
4284
4284
4285
4286
4286
4287
4289
4289
4289
4291
4293
4293
4294
4295
4296
4297
4298
4298
4299
4302
4302
4302
4303
4303
4304
4307
4308
4309
4310
4311
4313
4313
4314
4315
4316
4318
4319
4319
4319
4320
4320
4322
4324
4324
4325
4325
4325
4326
4326
4327
4328
4329
4330
4331
4332
4332
4332
4334
4337
4337
4338
4339
4340
4342
4342
4343
4344
4344
4344
4346
4346
4347
4347
4347
4348
4349
4349
4349
4350
4351
4351
4352
4352
4353
4354
4354
4357
4357
4359
4361
4362
4364
4364
4364
4365
4367
4367
4367
4368
4369
4370
4371
4371
4373
4376
4378
4379
4380
4381
4381
4381
4382
4383
4384
4386
4387
4388
4388
4390
4390
4391
4391
4394
4398
4399
4399
4400
4401
4402
4403
4404
4407
4407
4407
4408
4409
4409
4410
4412
4414
4414
4414
4415
4415
4415
4416
4416
4416
4417
4418
4420
4421
4422
4423
4425
4426
4433
4433
4434
4435
4438
4438
4438
4439
4440
4440
4441
4443
4443
4446
4446
4446
4447
4447
4447
4451
4451
4451
4452
4452
4453
4454
4457
4458
4458
4458
4460
4461
4461
4461
4461
4461
4461
4466
4467
4467
4468
4469
4470
4472
4472
4473
4473
4474
4478
4480
4480
4481
4481
4482
4482
4483
4484
4484
4484
4485
4486
4488
4488
4488
4489
4491
4492
4492
4493
4493
4495
4496
4497
4497
4500
4501
4501
4502
4502
4505
4505
4506
4506
4506
4510
4512
4512
4515
4516
4516
4517
4517
4517
4518
4521
4521
4521
4523
4523
4524
4525
4525
4526
4526
4527
4531
4532
4532
4536
4537
4537
4537
4542
4544
4546
4547
4547
4548
4549
4550
4551
4553
4554
4556
4558
4559
4560
4560
4562
4562
4563
4563
4564
4565
4565
4566
4568
4569
4570
4570
4573
4574
4574
4575
4575
4576
4578
4578
4579
4580
4581
4584
4585
4590
4590
4592
4594
4594
4595
4596
4600
4601
4602
4603
4603
4605
4606
4606
4607
4610
4612
4612
4615
4616
4616
4617
4617
4620
4620
4620
4623
4625
4626
4626
4626
4628
4629
4630
4630
4630
4631
4632
4634
4634
4634
4635
4635
4637
4638
4642
4642
4642
4643
4644
4646
4647
4649
4651
4651
4651
4652
4652
4654
4658
4659
4660
4661
4662
4662
4662
4666
4668
4668
4669
4670
4672
4672
4672
4674
4678
4680
4681
4682
4683
4684
4684
4685
4685
4687
4688
4689
4689
4690
4691
4691
4695
4697
4699
4701
4704
4705
4706
4706
4706
4708
4710
4711
4711
4711
4716
4717
4718
4720
4722
4724
4725
4725
4728
4729
4730
4730
4730
4730
4733
4733
4733
4733
4734
4736
4741
4741
4743
4745
4745
4748
4748
4749
4750
4751
4752
4752
4753
4755
4756
4757
4758
4762
4762
4762
4763
4763
4764
4766
4767
4767
4768
4768
4769
4769
4770
4770
4772
4773
4773
4775
4775
4776
4777
4777
4778
4778
4779
4780
4781
4783
4784
4786
4786
4787
4788
4788
4790
4793
4795
4798
4799
4800
4800
4802
4803
4804
4805
4805
4806
4808
4809
4809
4810
4812
4812
4813
4813
4813
4813
4815
4815
4815
4815
4816
4816
4817
4817
4818
4818
4820
4822
4822
4822
4823
4823
4824
4824
4825
4825
4826
4826
4826
4826
4828
4830
4830
4832
4834
4834
4835
4836
4836
4837
4840
4842
4843
4843
4844
4845
4845
4846
4847
4848
4849
4849
4850
4850
4851
4851
4852
4853
4854
4858
4858
4860
4860
4862
4863
4863
4864
4864
4864
4865
4866
4866
4867
4868
4869
4869
4871
4871
4872
4872
4873
4874
4874
4875
4876
4876
4878
4878
4879
4884
4887
4888
4889
4891
4893
4894
4895
4895
4896
4899
4900
4900
4903
4903
4904
4904
4905
4906
4906
4907
4907
4908
4908
4909
4909
4909
4910
4910
4914
4915
4916
4916
4916
4918
4919
4921
4922
4924
4925
4926
4926
4929
4931
4931
4931
4933
4933
4933
4935
4936
4936
4938
4939
4939
4940
4941
4941
4942
4942
4943
4944
4945
4947
4948
4953
4953
4954
4956
4956
4957
4957
4959
4959
4960
4961
4963
4963
4969
4970
4974
4974
4975
4976
4977
4979
4981
4981
4981
4982
4982
4982
4984
4985
4991
4992
4993
4994
4995
4998
4999
5000
5000
5001
5001
5001
5002
5004
5005
5007
5007
5010
5011
5012
5012
5014
5016
5016
5017
5017
5017
5017
5018
5018
5018
5020
5020
5021
5021
5024
5024
5026
5026
5031
5031
5031
5032
5032
5035
5036
5036
5036
5037
5040
5040
5043
5053
5055
5055
5056
5057
5059
5059
5062
5063
5064
5065
5065
5066
5067
5069
5069
5070
5070
5072
5073
5073
5073
5074
5074
5075
5078
5080
5082
5083
5083
5084
5085
5086
5087
5089
5089
5090
5091
5092
5093
5094
5094
5094
5096
5098
5098
5098
5099
5099
5099
5099
5100
5101
5104
5105
5106
5107
5107
5107
5108
5111
5111
5111
5111
5112
5113
5113
5114
5115
5115
5119
5119
5120
5121
5122
5123
5124
5124
5124
5125
5125
5127
5127
5130
5131
5131
5132
5135
5136
5138
5138
5139
5139
5143
5147
5149
5149
5149
5150
5150
5151
5151
5151
5152
5154
5154
5156
5157
5157
5158
5159
5159
5159
5160
5162
5163
5163
5164
5166
5167
5167
5167
5170
5170
5172
5173
5174
5175
5175
5178
5178
5178
5180
5182
5184
5184
5184
5184
5188
5189
5192
5192
5193
5193
5196
5198
5198
5203
5204
5205
5206
5208
5209
5209
5209
5210
5210
5210
5211
5212
5213
5215
5216
5217
5218
5218
5218
5218
5218
5219
5219
5220
5220
5221
5223
5223
5224
5225
5226
5229
5229
5230
5230
5232
5234
5235
5236
5237
5240
5241
5243
5243
5244
5245
5246
5246
5247
5251
5251
5252
5253
5254
5255
5256
5256
5258
5259
5259
5259
5261
5264
5264
5266
5266
5267
5268
5269
5270
5271
5271
5272
5272
5272
5273
5273
5273
5275
5277
5278
5278
5279
5279
5279
5281
5281
5282
5282
5283
5283
5283
5283
5284
5284
5285
5285
5287
5287
5290
5290
5291
5293
5293
5293
5295
5296
5297
5298
5298
5298
5299
5300
5300
5301
5301
5302
5302
5305
5307
5307
5307
5309
5311
5313
5314
5316
5316
5317
5317
5324
5324
5324
5326
5329
5329
5330
5334
5334
5336
5337
5337
5338
5338
5338
5340
5344
5346
5346
5347
5347
5348
5350
5350
5351
5352
5353
5353
5354
5354
5354
5355
5356
5357
5358
5359
5359
5360
5360
5361
5363
5364
5365
5366
5366
5367
5370
5370
5371
5372
5373
5373
5374
5375
5376
5377
5377
5379
5380
5381
5383
5384
5384
5386
5386
5387
5390
5390
5391
5391
5393
5394
5395
5397
5397
5397
5398
5398
5400
5401
5402
5403
5403
5404
5406
5407
5408
5411
5412
5412
5413
5415
5415
5415
5416
5417
5418
5418
5418
5418
5419
5419
5420
5420
5423
5423
5424
5424
5424
5424
5424
5424
5425
5425
5425
5426
5426
5426
5427
5427
5428
5432
5436
5439
5440
5441
5441
5442
5443
5445
5445
5447
5449
5449
5449
5451
5453
5453
5454
5456
5456
5457
5457
5457
5458
5459
5461
5463
5464
5465
5466
5469
5469
5470
5471
5472
5473
5473
5476
5477
5481
5483
5484
5484
5485
5487
5488
5488
5490
5491
5494
5497
5498
5498
5498
5498
5498
5498
5499
5499
5499
5501
5505
5506
5507
5509
5510
5511
5511
5515
5517
5517
5518
5518
5519
5519
5520
5521
5522
5522
5523
5523
5525
5525
5525
5525
5526
5526
5526
5527
5527
5529
5530
5531
5531
5531
5532
5532
5533
5533
5534
5534
5534
5535
5536
5537
5538
5540
5541
5541
5543
5543
5545
5546
5546
5546
5547
5548
5548
5548
5550
5551
5551
5552
5553
5553
5554
5554
5555
5555
5556
5556
5557
5559
5560
5560
5561
5561
5562
5562
5565
5566
5567
5567
5567
5568
5572
5573
5577
5577
5577
5577
5580
5581
5581
5584
5584
5585
5585
5587
5587
5588
5591
5592
5592
5595
5595
5595
5596
5597
5597
5601
5602
5603
5604
5605
5605
5608
5608
5609
5610
5611
5611
5611
5613
5615
5617
5618
5621
5622
5623
5623
5624
5624
5626
5628
5628
5629
5629
5630
5630
5632
5634
5635
5635
5635
5636
5637
5637
5638
5641
5641
5644
5645
5645
5645
5646
5646
5646
5648
5649
5650
5650
5651
5651
5652
5654
5655
5656
5657
5658
5658
5658
5659
5660
5661
5665
5667
5668
5668
5668
5669
5669
5671
5672
5672
5673
5674
5674
5674
5676
5677
5679
5679
5679
5681
5683
5685
5685
5686
5690
5690
5692
5695
5696
5698
5699
5700
5702
5708
5708
5709
5709
5709
5710
5710
5714
5714
5714
5715
5715
5717
5718
5720
5720
5721
5721
5722
5722
5723
5723
5724
5724
5726
5726
5728
5729
5730
5732
5732
5734
5734
5735
5736
5738
5740
5740
5741
5744
5744
5745
5752
5755
5756
5758
5762
5762
5765
5768
5769
5770
5774
5775
5775
5775
5776
5776
5777
5779
5780
5782
5785
5785
5786
5787
5787
5787
5787
5790
5796
5797
5798
5798
5799
5799
5799
5800
5801
5802
5803
5803
5804
5805
5806
5807
5809
5814
5814
5816
5816
5817
5817
5817
5817
5818
5818
5820
5821
5821
5823
5825
5825
5826
5826
5828
5829
5832
5832
5833
5834
5834
5835
5835
5836
5836
5837
5839
5839
5839
5840
5841
5841
5844
5844
5844
5844
5846
5847
5847
5851
5851
5851
5852
5852
5854
5854
5854
5856
5857
5858
5858
5859
5861
5861
5863
5865
5867
5870
5871
5871
5872
5873
5873
5873
5875
5875
5877
5878
5878
5879
5880
5881
5881
5882
5886
5886
5886
5888
5889
5890
5890
5891
5892
5893
5900
5901
5901
5901
5901
5905
5905
5906
5907
5907
5907
5908
5909
5910
5912
5914
5914
5915
5915
5917
5917
5917
5917
5917
5918
5919
5920
5921
5922
5923
5923
5925
5927
5927
5929
5929
5932
5933
5935
5935
5937
5939
5939
5940
5941
5942
5944
5944
5946
5946
5948
5948
5948
5949
5949
5949
5950
5952
5952
5953
5956
5960
5961
5962
5964
5965
5966
5967
5970
5970
5971
5972
5972
5972
5972
5973
5973
5973
5973
5974
5975
5976
5976
5977
5978
5978
5981
5982
5982
5983
5987
5987
5989
5989
5991
5991
5992
5992
5995
5995
5995
5996
5996
5998
5998
5999
5999
6000
6001
6001
6001
6005
6005
6005
6007
6007
6007
6008
6008
6009
6011
6012
6013
6013
6013
6017
6018
6020
6021
6021
6022
6022
6023
6023
6023
6024
6027
6028
6030
6031
6032
6033
6035
6036
6037
6038
6042
6042
6043
6044
6044
6045
6045
6045
6048
6050
6051
6053
6058
6058
6059
6059
6061
6062
6064
6067
6067
6067
6072
6073
6078
6079
6079
6080
6084
6084
6085
6085
6086
6086
6087
6087
6088
6088
6089
6090
6092
6092
6093
6094
6095
6096
6096
6098
6099
6099
6099
6100
6103
6103
6104
6105
6106
6107
6107
6108
6108
6109
6110
6110
6110
6111
6112
6114
6115
6115
6116
6117
6118
6119
6121
6125
6127
6128
6130
6131
6131
6132
6132
6133
6133
6133
6134
6134
6135
6136
6136
6138
6139
6141
6141
6142
6142
6142
6143
6146
6146
6146
6147
6148
6149
6151
6151
6152
6154
6155
6156
6156
6157
6157
6157
6159
6160
6160
6162
6163
6163
6163
6164
6165
6165
6168
6168
6169
6169
6169
6170
6171
6171
6172
6173
6173
6174
6175
6176
6177
6178
6178
6180
6181
6185
6185
6186
6187
6187
6187
6188
6188
6190
6191
6192
6195
6196
6196
6197
6198
6198
6199
6200
6202
6203
6203
6205
6205
6207
6209
6209
6210
6211
6213
6213
6215
6217
6218
6218
6218
6218
6219
6220
6221
6221
6224
6225
6227
6227
6227
6227
6229
6236
6236
6237
6240
6242
6243
6244
6244
6244
6245
6247
6252
6253
6253
6254
6254
6254
6255
6256
6256
6257
6260
6260
6260
6261
6262
6265
6265
6266
6266
6267
6267
6272
6272
6272
6275
6275
6276
6277
6278
6279
6279
6281
6284
6284
6285
6285
6285
6286
6287
6287
6292
6292
6294
6294
6295
6296
6299
6299
6299
6300
6301
6301
6301
6302
6302
6302
6302
6303
6304
6305
6305
6305
6307
6307
6308
6308
6308
6309
6309
6310
6310
6311
6312
6314
6314
6318
6319
6319
6319
6320
6321
6322
6325
6325
6326
6327
6327
6328
6328
6330
6330
6330
6331
6333
6333
6335
6339
6341
6342
6342
6343
6344
6344
6344
6345
6345
6346
6346
6347
6349
6349
6350
6353
6354
6356
6357
6360
6360
6362
6366
6367
6368
6370
6371
6372
6373
6373
6375
6376
6377
6377
6377
6379
6379
6379
6380
6381
6382
6382
6384
6385
6386
6386
6386
6386
6387
6389
6390
6391
6392
6393
6395
6397
6398
6399
6400
6401
6404
6404
6408
6409
6409
6414
6418
6418
6418
6419
6421
6421
6422
6425
6425
6425
6426
6427
6427
6428
6429
6429
6430
6438
6444
6444
6444
6447
6448
6449
6450
6451
6451
6452
6453
6453
6458
6459
6459
6459
6461
6461
6462
6463
6466
6467
6467
6468
6468
6469
6470
6471
6471
6472
6473
6474
6475
6475
6476
6477
6478
6480
6482
6483
6487
6489
6489
6490
6490
6492
6492
6492
6492
6493
6494
6494
6494
6494
6494
6496
6496
6497
6500
6502
6503
6503
6504
6505
6506
6507
6509
6510
6510
6511
6511
6512
6513
6514
6515
6515
6516
6516
6516
6517
6517
6518
6521
6521
6522
6522
6523
6523
6525
6525
6526
6527
6527
6527
6528
6528
6529
6530
6530
6533
6533
6533
6534
6534
6534
6534
6534
6535
6537
6538
6539
6540
6541
6541
6541
6545
6546
6546
6546
6547
6548
6548
6551
6553
6553
6554
6554
6557
6558
6558
6560
6561
6564
6565
6567
6568
6569
6569
6570
6571
6572
6574
6575
6575
6575
6577
6578
6579
6580
6580
6583
6583
6584
6584
6585
6586
6587
6588
6590
6591
6592
6593
6594
6594
6594
6594
6594
6595
6596
6597
6599
6600
6600
6600
6601
6601
6601
6602
6604
6605
6605
6606
6606
6607
6608
6609
6609
6610
6611
6612
6612
6612
6613
6615
6617
6618
6619
6619
6620
6620
6621
6622
6622
6624
6626
6628
6628
6628
6630
6631
6632
6634
6635
6636
6636
6637
6637
6640
6642
6642
6644
6644
6645
6645
6645
6646
6646
6647
6648
6648
6648
6648
6649
6650
6650
6651
6652
6652
6654
6654
6656
6656
6656
6656
6658
6658
6659
6659
6661
6662
6663
6663
6664
6665
6667
6668
6668
6670
6671
6672
6673
6677
6677
6678
6679
6679
6679
6681
6682
6683
6683
6683
6684
6685
6685
6686
6687
6692
6692
6695
6696
6696
6696
6697
6698
6699
6699
6700
6700
6701
6702
6703
6703
6703
6703
6703
6704
6705
6709
6709
6711
6711
6712
6712
6713
6716
6716
6716
6717
6717
6718
6718
6720
6720
6721
6722
6724
6725
6726
6727
6727
6727
6729
6729
6730
6730
6731
6734
6736
6739
6739
6739
6742
6743
6744
6744
6746
6747
6748
6748
6748
6749
6751
6752
6752
6752
6754
6754
6757
6758
6759
6759
6762
6763
6765
6766
6769
6770
6770
6773
6774
6775
6775
6777
6779
6779
6779
6780
6781
6781
6784
6785
6788
6789
6789
6789
6789
6791
6792
6794
6794
6794
6796
6798
6799
6800
6801
6803
6804
6804
6806
6807
6808
6809
6809
6809
6809
6812
6812
6812
6812
6813
6813
6814
6814
6815
6815
6817
6818
6821
6821
6823
6823
6824
6824
6825
6827
6828
6829
6831
6832
6832
6833
6834
6835
6835
6836
6837
6839
6839
6839
6840
6842
6842
6843
6845
6847
6848
6848
6848
6849
6850
6850
6851
6852
6852
6853
6854
6855
6855
6855
6855
6856
6858
6858
6859
6859
6860
6860
6861
6864
6864
6865
6866
6866
6867
6868
6868
6868
6869
6872
6873
6875
6876
6877
6881
6882
6883
6883
6885
6886
6886
6887
6888
6890
6890
6892
6894
6895
6895
6896
6900
6903
6904
6905
6905
6905
6909
6910
6912
6912
6913
6913
6914
6915
6915
6915
6915
6916
6917
6917
6921
6922
6924
6926
6927
6929
6935
6936
6936
6938
6938
6938
6939
6940
6941
6941
6941
6942
6942
6944
6946
6946
6947
6947
6947
6948
6949
6949
6950
6954
6954
6956
6957
6957
6958
6958
6961
6963
6963
6965
6966
6966
6966
6966
6967
6968
6969
6970
6970
6970
6970
6970
6972
6972
6975
6975
6976
6978
6979
6979
6981
6982
6983
6985
6986
6988
6988
6988
6989
6990
6990
6991
6991
6991
6991
6992
6992
6995
7000
7001
7001
7004
7005
7007
7007
7009
7011
7011
7012
7012
7013
7015
7015
7015
7015
7019
7019
7019
7019
7020
7021
7022
7023
7023
7024
7024
7024
7027
7028
7029
7031
7032
7033
7033
7033
7034
7035
7036
7038
7039
7039
7040
7040
7042
7044
7045
7045
7046
7047
7049
7051
7051
7051
7052
7052
7053
7053
7053
7053
7054
7055
7059
7059
7061
7062
7063
7064
7065
7065
7066
7066
7066
7066
7068
7069
7069
7071
7071
7072
7073
7074
7075
7075
7075
7076
7076
7077
7077
7078
7078
7078
7078
7080
7080
7081
7082
7084
7085
7089
7089
7091
7091
7093
7093
7094
7094
7095
7095
7096
7096
7099
7100
7102
7102
7106
7106
7107
7110
7110
7111
7112
7112
7114
7114
7115
7120
7120
7121
7121
7122
7123
7123
7123
7125
7126
7132
7133
7133
7135
7136
7137
7138
7139
7140
7144
7145
7145
7145
7146
7146
7151
7151
7153
7156
7157
7158
7158
7159
7159
7163
7164
7166
7166
7167
7170
7171
7172
7173
7173
7173
7174
7174
7180
7182
7182
7182
7183
7183
7183
7183
7185
7186
7187
7188
7188
7189
7190
7191
7192
7194
7194
7194
7195
7196
7196
7197
7201
7202
7203
7203
7207
7209
7210
7211
7211
7212
7212
7214
7215
7216
7218
7218
7220
7220
7220
7220
7220
7220
7221
7223
7224
7225
7227
7228
7228
7228
7230
7230
7231
7231
7234
7234
7235
7236
7238
7239
7242
7242
7243
7244
7245
7245
7246
7247
7248
7248
7248
7250
7251
7252
7252
7255
7255
7256
7256
7256
7256
7257
7259
7259
7260
7260
7261
7262
7264
7265
7266
7266
7267
7267
7268
7268
7269
7269
7269
7269
7271
7273
7273
7273
7276
7277
7277
7277
7279
7281
7282
7284
7284
7285
7287
7288
7288
7289
7290
7291
7292
7292
7292
7293
7294
7298
7298
7301
7303
7306
7306
7309
7309
7309
7310
7311
7313
7314
7315
7316
7318
7318
7321
7325
7326
7327
7327
7330
7330
7332
7333
7334
7334
7334
7334
7335
7337
7337
7337
7338
7338
7340
7340
7341
7342
7343
7343
7343
7347
7348
7349
7351
7353
7355
7355
7356
7356
7359
7361
7362
7362
7362
7364
7365
7366
7366
7368
7369
7369
7369
7371
7374
7375
7377
7378
7379
7380
7380
7381
7383
7383
7384
7384
7386
7388
7388
7389
7393
7393
7394
7394
7395
7395
7396
7397
7400
7402
7403
7405
7406
7406
7406
7407
7408
7409
7409
7409
7409
7410
7411
7412
7414
7414
7414
7415
7415
7416
7416
7418
7420
7420
7421
7421
7422
7423
7424
7425
7426
7427
7427
7429
7434
7434
7434
7434
7435
7435
7438
7439
7440
7441
7443
7443
7445
7446
7446
7446
7446
7447
7447
7448
7449
7451
7451
7452
7452
7454
7455
7456
7459
7461
7461
7462
7463
7464
7465
7466
7466
7467
7469
7470
7470
7470
7470
7472
7472
7472
7473
7473
7474
7474
7474
7475
7476
7478
7478
7478
7482
7483
7484
7485
7485
7485
7486
7486
7486
7487
7488
7488
7489
7491
7492
7493
7493
7494
7495
7496
7497
7499
7499
7499
7502
7502
7503
7504
7506
7507
7507
7509
7512
7512
7513
7516
7517
7517
7520
7521
7521
7521
7521
7524
7525
7526
7526
7526
7527
7527
7528
7528
7528
7528
7529
7529
7533
7534
7535
7535
7536
7538
7539
7539
7540
7541
7541
7542
7542
7543
7543
7544
7544
7545
7551
7551
7552
7553
7553
7555
7556
7557
7558
7558
7559
7560
7560
7561
7561
7561
7562
7562
7564
7565
7565
7565
7565
7567
7569
7569
7572
7574
7577
7578
7579
7580
7580
7581
7582
7582
7582
7582
7584
7585
7586
7588
7589
7589
7590
7590
7591
7592
7593
7595
7596
7596
7597
7598
7598
7599
7599
7600
7600
7600
7601
7601
7604
7604
7611
7611
7611
7613
7613
7616
7616
7617
7617
7618
7618
7619
7620
7620
7624
7626
7626
7626
7629
7630
7630
7631
7631
7632
7634
7637
7638
7638
7639
7640
7644
7645
7647
7649
7651
7651
7651
7652
7655
7656
7657
7661
7663
7663
7665
7666
7666
7669
7669
7670
7671
7671
7671
7672
7673
7673
7674
7674
7676
7676
7676
7677
7677
7678
7680
7680
7682
7682
7682
7683
7684
7687
7689
7689
7689
7690
7690
7692
7692
7692
7693
7694
7694
7698
7698
7700
7701
7703
7704
7706
7707
7708
7711
7712
7716
7717
7719
7720
7720
7720
7721
7722
7722
7724
7724
7725
7727
7727
7727
7728
7729
7730
7732
7732
7733
7734
7738
7738
7739
7740
7740
7741
7744
7745
7746
7746
7746
7747
7749
7750
7750
7750
7750
7752
7752
7752
7753
7755
7760
7760
7765
7773
7774
7777
7778
7778
7778
7779
7779
7780
7780
7780
7780
7781
7784
7785
7785
7786
7786
7786
7787
7790
7793
7793
7794
7794
7794
7795
7796
7796
7796
7796
7797
7801
7803
7804
7805
7805
7806
7806
7807
7808
7808
7811
7811
7812
7812
7813
7813
7813
7814
7815
7816
7816
7817
7817
7817
7818
7819
7820
7820
7821
7821
7821
7823
7824
7824
7825
7826
7826
7827
7829
7830
7831
7831
7831
7832
7833
7834
7835
7835
7836
7837
7837
7838
7838
7838
7838
7840
7840
7841
7841
7841
7841
7842
7843
7843
7844
7844
7845
7846
7847
7847
7849
7849
7849
7854
7855
7856
7856
7856
7857
7857
7858
7858
7860
7860
7860
7861
7862
7863
7863
7863
7866
7867
7867
7868
7868
7869
7870
7871
7871
7873
7874
7874
7876
7876
7878
7880
7881
7881
7882
7883
7885
7885
7885
7888
7889
7891
7892
7894
7894
7898
7898
7900
7902
7902
7903
7903
7903
7904
7906
7908
7909
7910
7910
7910
7911
7912
7912
7912
7917
7918
7920
7920
7922
7922
7923
7923
7925
7928
7929
7931
7931
7932
7935
7936
7936
7938
7939
7939
7939
7940
7942
7944
7944
7945
7945
7946
7948
7948
7950
7952
7952
7953
7955
7956
7957
7957
7958
7961
7964
7966
7966
7966
7967
7967
7969
7971
7971
7971
7971
7975
7977
7977
7978
7982
7983
7984
7984
7985
7985
7986
7986
7990
7991
7992
7992
7992
7993
7995
7995
7996
7996
7996
7997
7997
8005
8006
8007
8007
8008
8009
8010
8011
8012
8013
8016
8016
8018
8018
8018
8019
8019
8022
8023
8025
8026
8026
8030
8031
8031
8031
8031
8033
8033
8034
8035
8036
8037
8037
8038
8039
8043
8043
8044
8044
8044
8045
8047
8047
8049
8049
8050
8051
8052
8053
8054
8055
8056
8057
8059
8059
8060
8061
8061
8063
8064
8064
8066
8067
8068
8068
8069
8069
8069
8071
8071
8072
8073
8073
8073
8074
8074
8075
8077
8077
8078
8079
8082
8083
8088
8090
8091
8091
8092
8094
8094
8095
8095
8096
8096
8099
8101
8101
8101
8103
8105
8105
8105
8107
8108
8108
8109
8110
8111
8111
8111
8111
8111
8113
8114
8116
8116
8117
8118
8119
8120
8122
8122
8123
8123
8126
8126
8128
8129
8130
8134
8135
8136
8136
8138
8138
8139
8140
8142
8142
8142
8143
8148
8148
8148
8148
8149
8149
8149
8150
8153
8154
8155
8155
8156
8156
8156
8157
8158
8158
8159
8159
8160
8162
8164
8166
8166
8166
8167
8168
8168
8171
8173
8174
8177
8178
8178
8178
8178
8179
8179
8180
8180
8180
8183
8183
8185
8185
8187
8187
8187
8189
8190
8191
8194
8195
8196
8200
8200
8201
8202
8204
8205
8205
8205
8206
8206
8208
8210
8210
8211
8211
8214
8217
8218
8219
8221
8222
8223
8223
8225
8229
8229
8231
8231
8232
8233
8234
8235
8237
8238
8238
8238
8239
8240
8241
8243
8249
8249
8251
8255
8256
8257
8258
8259
8260
8262
8265
8265
8266
8266
8269
8270
8271
8271
8273
8276
8277
8278
8280
8280
8284
8285
8285
8287
8289
8291
8291
8292
8292
8292
8294
8295
8296
8300
8301
8301
8302
8302
8303
8305
8307
8307
8308
8308
8309
8310
8311
8312
8312
8312
8314
8314
8316
8317
8318
8318
8320
8320
8321
8321
8323
8324
8326
8328
8332
8334
8334
8335
8335
8338
8338
8339
8340
8342
8343
8345
8346
8349
8349
8349
8350
8351
8351
8352
8352
8354
8354
8356
8359
8360
8360
8360
8361
8361
8365
8367
8369
8369
8370
8372
8373
8376
8376
8377
8377
8377
8379
8384
8384
8385
8390
8391
8393
8394
8396
8397
8398
8401
8401
8401
8402
8405
8405
8405
8406
8406
8411
8415
8417
8420
8421
8422
8422
8424
8424
8424
8426
8426
8426
8427
8428
8429
8429
8432
8432
8433
8434
8434
8434
8436
8436
8438
8438
8440
8440
8442
8442
8442
8443
8443
8443
8444
8444
8445
8446
8446
8446
8448
8449
8449
8450
8450
8450
8451
8451
8451
8451
8453
8454
8455
8455
8457
8457
8458
8458
8460
8461
8462
8463
8463
8464
8464
8464
8464
8465
8466
8467
8467
8468
8468
8469
8470
8473
8474
8475
8475
8476
8476
8477
8478
8479
8479
8480
8483
8484
8485
8486
8486
8486
8487
8487
8487
8488
8488
8488
8489
8489
8491
8492
8494
8496
8496
8496
8496
8499
8500
8501
8501
8502
8502
8504
8505
8505
8505
8506
8507
8507
8509
8509
8510
8511
8514
8514
8514
8514
8514
8516
8516
8516
8518
8518
8519
8519
8520
8523
8523
8527
8528
8530
8531
8532
8535
8536
8539
8539
8540
8541
8543
8543
8544
8545
8545
8548
8549
8549
8551
8553
8553
8555
8556
8557
8559
8559
8560
8560
8562
8563
8563
8563
8563
8564
8564
8564
8565
8565
8565
8567
8567
8567
8568
8568
8569
8569
8569
8569
8573
8574
8574
8576
8576
8579
8583
8583
8583
8584
8584
8585
8585
8587
8588
8589
8591
8593
8595
8595
8596
8599
8600
8601
8606
8607
8607
8609
8611
8612
8612
8614
8614
8615
8617
8619
8619
8619
8619
8619
8624
8624
8626
8629
8629
8631
8634
8636
8638
8639
8640
8640
8641
8642
8643
8645
8646
8647
8648
8648
8648
8648
8650
8653
8655
8655
8656
8656
8657
8658
8659
8660
8660
8660
8664
8664
8664
8665
8667
8668
8672
8673
8674
8675
8675
8676
8679
8679
8679
8680
8680
8683
8684
8686
8686
8687
8687
8691
8692
8693
8693
8694
8694
8694
8697
8699
8700
8700
8702
8702
8704
8704
8705
8705
8707
8708
8709
8709
8710
8710
8710
8712
8712
8713
8713
8715
8716
8716
8718
8719
8722
8725
8725
8726
8726
8727
8729
8730
8731
8731
8734
8735
8736
8738
8739
8740
8741
8742
8743
8743
8744
8745
8745
8746
8746
8747
8747
8749
8750
8752
8752
8753
8753
8754
8755
8756
8756
8758
8759
8759
8760
8761
8762
8765
8766
8766
8766
8767
8768
8769
8769
8773
8773
8773
8774
8775
8776
8777
8777
8777
8778
8781
8781
8782
8783
8783
8785
8787
8788
8788
8788
8790
8790
8793
8793
8793
8793
8794
8795
8797
8797
8798
8798
8799
8799
8801
8801
8802
8802
8802
8803
8804
8805
8808
8808
8808
8812
8812
8813
8814
8815
8816
8817
8817
8817
8818
8819
8820
8821
8822
8822
8823
8823
8826
8826
8827
8827
8828
8829
8830
8830
8830
8831
8832
8834
8835
8835
8837
8837
8837
8837
8839
8840
8840
8844
8844
8845
8846
8848
8848
8849
8849
8849
8849
8852
8853
8853
8854
8855
8855
8855
8857
8857
8858
8858
8858
8859
8860
8861
8862
8863
8864
8865
8868
8868
8868
8870
8870
8870
8871
8872
8872
8873
8873
8873
8874
8874
8874
8874
8875
8875
8876
8878
8879
8883
8885
8886
8886
8888
8889
8891
8892
8892
8893
8894
8895
8895
8895
8895
8897
8897
8899
8900
8901
8904
8905
8906
8906
8906
8907
8907
8908
8909
8910
8910
8911
8912
8912
8914
8915
8916
8916
8916
8918
8919
8919
8919
8921
8922
8922
8923
8925
8925
8925
8926
8926
8927
8927
8928
8929
8929
8929
8930
8931
8932
8933
8934
8935
8936
8936
8936
8937
8937
8937
8938
8939
8940
8942
8942
8942
8942
8944
8944
8944
8945
8946
8946
8946
8947
8948
8948
8956
8958
8958
8961
8961
8962
8962
8963
8963
8964
8969
8970
8970
8971
8973
8976
8976
8977
8978
8979
8980
8980
8981
8982
8983
8983
8985
8985
8985
8985
8985
8986
8988
8988
8989
8989
8990
8990
8992
8993
8993
8994
8995
9000
9001
9001
9002
9003
9003
9004
9004
9005
9006
9008
9008
9008
9009
9009
9010
9010
9010
9011
9011
9012
9013
9013
9015
9015
9016
9018
9019
9020
9021
9022
9024
9026
9030
9031
9032
9033
9033
9033
9035
9038
9040
9042
9044
9048
9050
9051
9051
9052
9053
9054
9055
9055
9055
9056
9059
9060
9065
9068
9069
9069
9070
9070
9071
9072
9072
9074
9078
9079
9082
9082
9082
9083
9083
9084
9084
9086
9088
9089
9089
9089
9090
9090
9090
9091
9092
9093
9094
9094
9095
9095
9095
9096
9098
9100
9101
9101
9103
9103
9104
9104
9106
9107
9107
9109
9110
9110
9110
9111
9114
9116
9116
9116
9116
9117
9117
9118
9118
9119
9119
9120
9120
9124
9124
9125
9125
9127
9127
9129
9131
9132
9133
9135
9137
9139
9139
9139
9140
9141
9143
9143
9143
9144
9144
9146
9147
9148
9149
9149
9150
9151
9152
9152
9154
9157
9159
9160
9160
9160
9161
9161
9163
9163
9164
9165
9166
9169
9169
9170
9171
9172
9173
9176
9177
9177
9178
9178
9178
9178
9179
9181
9181
9182
9183
9183
9185
9185
9185
9187
9187
9188
9189
9190
9190
9191
9191
9192
9192
9192
9193
9194
9194
9195
9195
9196
9199
9199
9200
9202
9204
9205
9209
9210
9211
9212
9213
9214
9214
9217
9218
9222
9222
9225
9226
9226
9226
9227
9227
9227
9228
9229
9229
9229
9231
9231
9232
9232
9233
9236
9237
9238
9238
9240
9241
9242
9245
9247
9249
9252
9252
9252
9252
9253
9255
9255
9257
9259
9259
9259
9261
9261
9262
9265
9266
9266
9267
9268
9269
9269
9270
9271
9271
9273
9273
9276
9278
9278
9279
9280
9281
9282
9283
9283
9285
9290
9291
9292
9292
9293
9294
9295
9295
9296
9297
9298
9299
9301
9303
9304
9304
9304
9305
9307
9309
9311
9312
9313
9313
9314
9314
9315
9316
9318
9319
9320
9321
9322
9322
9322
9326
9326
9327
9327
9328
9328
9329
9330
9330
9331
9331
9332
9333
9335
9337
9338
9341
9341
9343
9343
9344
9347
9348
9349
9351
9351
9351
9352
9353
9354
9355
9356
9356
9357
9357
9357
9358
9360
9360
9360
9361
9363
9363
9365
9366
9367
9370
9370
9373
9375
9377
9379
9379
9380
9380
9381
9383
9383
9384
9384
9384
9385
9386
9386
9388
9390
9390
9390
9391
9391
9392
9392
9393
9393
9394
9394
9396
9396
9397
9397
9399
9399
9399
9400
9400
9400
9403
9404
9404
9404
9405
9405
9405
9406
9406
9407
9408
9408
9408
9409
9410
9410
9411
9412
9414
9416
9416
9418
9419
9420
9422
9425
9427
9427
9428
9428
9429
9432
9432
9434
9434
9435
9436
9437
9438
9438
9441
9442
9443
9444
9445
9447
9447
9447
9447
9448
9449
9449
9450
9450
9450
9451
9451
9451
9452
9453
9453
9453
9453
9455
9456
9458
9460
9460
9461
9463
9464
9465
9466
9467
9467
9467
9468
9468
9470
9470
9472
9473
9476
9476
9478
9478
9478
9478
9480
9482
9484
9484
9485
9486
9489
9490
9490
9491
9492
9492
9493
9493
9494
9496
9498
9499
9499
9499
9501
9501
9502
9502
9503
9503
9504
9505
9505
9506
9506
9506
9506
9507
9507
9508
9508
9509
9510
9511
9513
9513
9514
9515
9516
9517
9518
9518
9518
9519
9520
9521
9525
9525
9526
9526
9526
9528
9529
9533
9533
9533
9534
9535
9535
9536
9537
9539
9540
9540
9542
9543
9543
9544
9544
9544
9545
9547
9547
9547
9548
9551
9551
9554
9555
9555
9557
9558
9559
9561
9561
9564
9564
9564
9565
9565
9566
9567
9568
9569
9572
9574
9577
9577
9578
9579
9583
9583
9583
9583
9584
9586
9588
9589
9590
9592
9592
9592
9594
9595
9595
9596
9598
9598
9598
9599
9599
9602
9602
9603
9604
9604
9606
9608
9609
9609
9610
9613
9614
9615
9615
9615
9616
9617
9618
9618
9621
9621
9624
9624
9628
9629
9631
9632
9633
9634
9639
9641
9645
9646
9647
9648
9648
9649
9649
9649
9650
9651
9651
9653
9653
9653
9655
9656
9657
9658
9659
9659
9661
9661
9662
9662
9662
9662
9663
9665
9666
9667
9667
9668
9668
9669
9669
9670
9670
9670
9671
9671
9671
9672
9672
9674
9674
9674
9677
9678
9679
9681
9682
9685
9686
9686
9687
9688
9689
9690
9691
9691
9693
9695
9696
9696
9697
9701
9701
9702
9703
9705
9706
9710
9710
9713
9714
9716
9716
9719
9720
9721
9721
9722
9722
9722
9723
9723
9724
9727
9730
9731
9732
9734
9734
9735
9735
9737
9737
9740
9740
9742
9742
9742
9744
9747
9748
9749
9750
9750
9751
9752
9753
9755
9755
9756
9758
9758
9759
9760
9761
9761
9761
9762
9763
9765
9765
9767
9768
9768
9768
9770
9770
9772
9772
9774
9774
9775
9775
9775
9775
9777
9779
9779
9780
9781
9783
9784
9784
9787
9788
9789
9790
9790
9791
9796
9798
9799
9801
9801
9801
9802
9802
9804
9804
9805
9808
9808
9809
9810
9811
9813
9816
9817
9817
9818
9819
9820
9820
9822
9824
9825
9825
9827
9827
9828
9829
9830
9830
9833
9833
9835
9835
9835
9837
9840
9842
9842
9843
9845
9845
9847
9849
9851
9853
9854
9855
9855
9856
9856
9856
9858
9858
9858
9863
9869
9869
9869
9870
9870
9872
9872
9873
9873
9873
9874
9875
9875
9877
9878
9878
9878
9880
9880
9880
9881
9883
9884
9884
9885
9885
9885
9886
9886
9887
9888
9888
9888
9889
9890
9890
9891
9891
9892
9893
9894
9895
9895
9897
9897
9899
9899
9899
9900
9900
9901
9905
9905
9905
9907
9909
9914
9916
9916
9921
9921
9923
9923
9923
9925
9926
9927
9927
9928
9929
9932
9932
9932
9934
9934
9935
9936
9936
9937
9940
9940
9941
9941
9942
9944
9944
9948
9950
9950
9951
9956
9956
9957
9959
9960
9960
9968
9968
9970
9971
9971
9972
9972
9973
9973
9974
9975
9976
9977
9978
9978
9979
9979
9979
9979
9979
9981
9981
9982
9982
9983
9983
9983
9984
9984
9990
9991
9991
9992
9993
9993
9996
9996
9998
9998
