528
607
147
685
530
895
306
803
315
425
412
558
397
240
291
363
186
11
998
627
272
320
725
939
453
785
772
935
357
62
728
684
908
522
914
873
510
372
779
792
248
938
88
422
442
814
471
190
825
962
709
397
648
759
223
945
308
970
812
97
875
281
457
794
39
1
337
861
500
352
227
596
664
287
805
182
464
974
479
356
91
986
181
861
443
713
656
408
589
719
201
23
110
874
75
206
591
166
883
478
386
250
573
131
935
124
145
217
82
498
581
130
228
502
655
401
148
278
57
878
196
318
253
753
635
460
25
445
715
439
829
514
844
868
167
463
331
818
541
11
321
554
321
955
4
327
341
452
111
550
503
14
351
116
541
199
311
330
660
665
329
78
434
881
171
189
201
722
535
669
976
180
845
28
227
928
828
414
755
182
848
494
44
877
194
105
71
589
738
808
158
814
246
969
508
789
106
558
135
830
523
127
415
276
910
240
994
327
701
866
374
381
671
394
614
63
443
354
355
262
483
343
939
797
337
513
829
416
817
183
201
893
612
83
241
482
995
139
237
334
380
423
309
768
67
401
814
992
588
656
901
285
749
156
882
663
149
110
936
22
491
922
762
752
342
445
50
833
73
729
306
835
818
361
222
885
948
100
909
330
505
746
850
966
88
904
303
318
897
884
232
425
757
202
976
710
93
668
363
287
91
285
936
190
713
945
7
160
335
64
95
435
850
971
359
460
120
249
283
252
255
46
909
673
902
339
3
70
68
988
795
870
978
551
411
846
235
618
330
564
513
885
80
435
445
953
340
892
530
178
119
697
423
950
961
234
85
535
564
657
658
550
531
982
601
96
210
557
213
610
934
757
16
687
496
643
445
402
826
582
797
540
962
821
927
128
448
33
208
89
342
550
74
490
345
144
85
447
138
692
761
114
759
707
343
646
739
455
399
876
749
305
743
796
204
171
536
226
349
646
315
818
232
255
58
263
26
74
389
833
565
746
203
118
471
331
974
545
313
133
633
681
126
123
147
708
100
690
551
444
128
21
269
900
634
257
772
548
552
363
16
875
488
566
804
101
0
191
416
745
634
437
204
830
571
68
728
745
846
671
569
177
940
908
793
685
472
866
44
81
485
816
561
691
766
582
101
552
603
594
362
896
151
238
331
884
50
838
819
658
599
255
393
382
505
6
17
414
410
815
234
874
936
321
59
415
154
774
375
55
962
625
854
546
868
189
653
683
418
892
878
705
741
715
478
516
697
327
623
814
462
4
943
231
935
856
751
350
290
166
659
45
558
336
678
334
222
614
585
125
800
576
620
842
292
380
127
351
287
121
557
836
433
709
4
217
839
449
802
280
842
462
896
687
141
950
55
479
586
910
148
290
970
749
533
519
161
899
896
828
444
543
521
635
934
964
788
881
820
110
142
692
572
974
504
575
460
774
177
494
579
209
232
106
118
991
488
629
541
48
502
461
576
841
589
647
786
590
882
717
23
792
0
389
935
134
152
93
570
415
370
839
272
258
392
524
516
576
846
150
446
921
128
403
499
215
802
117
21
414
412
902
211
368
589
59
314
68
329
577
915
675
923
238
552
376
960
672
972
939
111
328
911
345
12
666
291
498
119
27
995
307
390
192
132
230
949
8
114
835
21
827
709
36
194
758
102
418
653
513
727
611
792
519
371
816
828
445
377
553
215
532
79
176
42
792
619
602
556
185
56
42
455
177
22
484
944
119
476
962
459
502
321
750
187
781
749
162
587
349
965
82
476
274
50
87
215
781
688
777
633
738
549
89
48
62
203
408
82
938
646
365
107
801
297
551
620
405
745
576
616
446
910
242
269
649
544
251
252
603
311
643
534
866
381
166
21
268
704
392
145
467
561
759
812
996
824
419
978
720
839
365
979
214
574
246
947
433
542
52
157
871
805
295
356
78
342
199
481
467
721
611
242
635
641
821
279
311
390
207
530
980
514
749
260
825
208
775
261
55
462
18
45
460
348
660
492
188
321
855
943
229
573
406
987
658
8
867
596
28
115
497
144
672
597
125
366
943
620
837
86
106
611
338
309
314
4
252
469
793
468
691
474
43
507
676
281
901
815
725
783
58
307
104
921
24
518
75
213
823
861
487
868
151
965
77
450
90
826
158
764
663
764
477
676
69
450
418
863
919
967
955
314
671
874
381
534
770
601
793
0
450
916
941
58
558
680
661
605
219
53
362
212
524
372
191
134
768
268
442
867
690
175
289
576
161
478
340
112
508
555
257
151
289
432
647
725
635
721
579
