4620
2230
2749
8539
4741
3431
3553
8569
1817
1911
9557
1228
347
3092
4142
5646
3369
9521
560
6008
1450
3527
21
2938
7334
7485
601
4846
7327
7288
8071
7170
6752
5611
3905
8874
8238
1137
3290
4170
5646
5577
295
9410
7194
9606
8531
6154
5525
4184
8099
1791
7561
5507
2157
6590
9255
4109
807
9506
1635
6244
1497
7868
9472
6970
4497
6345
5602
2453
2610
4223
7961
6835
6023
7374
2643
8149
4196
5510
1718
129
6467
4187
8874
583
6618
3532
8939
2208
210
3193
2802
8280
3981
3522
3683
118
4921
7495
8712
9499
5560
3859
2322
5063
4904
3321
9072
8858
5987
1436
7749
1151
5971
4544
7351
3369
5094
3541
5657
8946
7590
5229
8305
3526
6468
6794
189
9255
8591
6851
1495
2610
7059
9702
2092
9968
2189
715
5151
8501
4753
9631
8821
7674
8470
4078
5330
1414
5595
5696
383
9647
1727
7580
103
3194
9107
7620
2753
8177
1788
4905
7827
316
4906
4153
567
2737
6462
5376
3039
3387
9082
3069
2594
5978
7066
875
5383
9499
1975
4634
3203
7978
3589
4502
3724
4816
2028
748
8743
8801
7645
6966
3240
8178
5529
2875
9858
3975
7849
4084
4308
7841
6368
3651
3251
9449
6218
3569
5170
7434
5587
4340
6546
1481
3437
9265
1753
7210
6852
3230
777
1293
8648
6831
5648
9875
9190
7114
7874
7384
6565
4741
3549
1492
782
905
2200
4969
1875
6586
6438
670
6890
1989
8760
1502
7666
5005
1498
7455
6099
6163
9649
936
162
1410
2936
4028
2971
5309
5511
8361
2612
7497
6007
4158
68
7340
3824
9750
990
7406
9758
4000
5384
1142
9765
1569
1351
8885
716
9131
7503
8777
6601
9040
9890
4537
1499
8006
1088
2819
9653
793
4483
6809
3736
3741
7992
6970
9693
9397
8480
2395
3528
6254
5974
3601
7687
8189
4051
269
6813
84
8285
969
8725
2777
9091
5525
3081
2756
4344
6134
69
860
5230
4926
8878
5283
3720
8443
113
8140
5220
8092
7053
580
5798
8906
5505
506
3091
2728
7811
6726
3171
8707
2286
4415
5738
617
6725
9461
5113
8931
4454
382
7597
5890
4716
7665
9092
1941
1568
2222
9484
4347
8785
4578
7069
997
6275
9116
3789
7484
894
5457
4195
8614
9059
7912
9409
8320
1525
8766
8855
6414
2914
7638
3209
6547
7245
8010
7574
9753
7806
3930
1838
970
5272
522
9467
2513
7957
7663
1592
6257
7755
7888
7265
72
9366
8345
5386
6326
1995
3434
2168
6461
4616
8321
3851
2032
4554
8709
983
648
4031
6152
9363
2532
4245
2132
1838
5886
1808
4717
8225
2531
6085
1666
3446
1571
8793
3427
7557
3261
8300
7120
7506
6988
894
6812
3149
4078
9801
399
1937
7216
687
4162
8026
6174
405
1008
9899
2945
255
4939
8607
691
9887
5324
4834
2414
3789
3190
3670
7486
8360
4799
1709
4630
858
6748
3869
5436
4562
9463
5271
2220
861
9240
1680
6779
227
5698
1430
7227
102
6111
2923
167
8204
4337
8776
1146
7492
8528
3298
2719
3020
4531
3970
3821
4684
722
8817
575
5708
4775
6474
3498
7674
2800
2285
243
5613
1059
3238
5573
3319
8116
5681
3095
2458
7478
7876
8210
3392
430
4734
5515
3413
6139
8332
6490
9885
2969
9970
4517
439
8211
3653
6285
8673
839
9101
7838
6021
9269
216
6305
6528
6848
95
3470
4566
80
287
4521
590
1336
4991
8798
3773
893
3043
7035
9609
2097
8507
8451
4548
9609
592
1270
374
5424
5893
5272
3065
6861
5995
8453
9257
6207
5324
8354
5560
8777
1227
195
203
5198
3521
4888
5290
5018
9956
406
3968
3587
5266
5178
7849
9379
8872
130
4313
4246
9663
7690
6419
9227
1919
5359
496
5417
891
6092
9998
8657
4623
3646
5828
1176
2649
8340
1948
6671
3649
9104
3920
8752
6646
8747
6912
2182
6681
5064
851
7269
3981
6833
9356
491
5566
5158
3625
6296
4343
7878
8223
4506
8936
8576
7521
5554
6794
1070
3654
7356
8988
9420
7137
5074
4224
5406
4138
3264
725
5192
2876
5293
7649
7620
7342
8916
7221
6853
2799
1626
4390
6809
3243
8712
76
9944
3106
3583
9129
8451
350
7542
9539
4642
6203
4682
1829
3371
3425
4350
8373
5113
4581
7840
6021
4824
5350
8231
935
2454
4260
9926
498
1260
8686
7618
4466
5264
6967
8108
2980
4956
8854
9205
7093
1559
7995
8219
7704
2474
1037
447
8096
4270
3288
9151
9526
8136
2116
6500
6059
9011
6607
632
7644
8619
9432
8691
7260
7192
4852
1419
9159
8969
5035
3819
6950
5302
7866
3692
7343
6988
9568
5774
1824
5661
7078
1152
847
3497
962
1716
4730
9447
8692
4651
9740
9772
8073
452
3761
6058
4082
5
5533
114
264
5373
9710
7538
4864
6541
2002
7120
6652
4364
4842
5724
4562
7094
8068
4401
4096
2198
7462
3575
1979
852
975
2839
9283
2292
1956
70
8233
1599
6594
1355
618
102
3824
9569
622
9756
5944
2643
3570
8059
6229
7005
5269
4208
4415
8018
3231
4843
2523
7601
5949
3855
952
4941
8679
7562
8302
7393
720
4410
5730
8291
3936
5024
9199
2674
6654
770
4054
7416
6489
7935
6528
4415
4903
9397
5160
7449
7796
4071
692
1365
8656
3349
3973
2290
3509
8229
3063
251
10
7072
5093
8483
2858
3952
9858
2272
756
1615
9671
9564
4103
4388
6702
6684
3724
9252
1331
2297
206
2712
4977
8979
6785
438
643
6533
7512
5660
902
8448
3385
6133
7340
1719
8187
3445
8799
2584
5744
7841
9897
7760
3437
9183
9101
9780
7541
5565
757
8450
4380
8981
7051
2730
5253
8436
1542
7601
6176
6473
2761
4367
7478
1670
6494
3337
5752
6584
4866
507
2334
3549
6948
2936
2248
5092
6013
1520
8614
4617
5961
2199
3030
9960
5456
3431
3332
1200
7172
359
8619
3272
7997
3327
5548
6444
1231
7777
7545
8205
6842
9885
3671
1306
2222
1290
7841
6632
2506
2434
8909
4123
6762
2104
9161
3573
6672
6927
5393
4790
9595
9281
9951
3433
7544
1683
6022
8285
7125
7502
4189
7061
2303
2809
3459
4933
5690
4824
9506
7023
7760
8052
3243
6538
4516
2920
591
4354
1587
289
3639
3510
5622
6356
2392
4668
2905
2032
5279
549
5875
6061
5922
2758
3979
9
3046
2800
9318
2357
1914
6679
7812
7220
5099
6711
4733
84
7843
360
7071
3134
6858
7517
5803
6343
6346
7831
6162
7183
9734
3719
1612
4156
2313
438
5646
8179
1768
4367
4938
5073
8535
2393
652
7234
3949
3620
4214
6360
841
5608
1822
5105
6330
6421
4666
8793
2237
3318
5224
685
621
7617
3616
2535
2372
9830
6979
7867
7689
5344
6947
5901
203
6200
3152
4005
5107
4601
1844
6766
342
3689
8168
2842
9689
2943
6613
7488
5090
485
4266
1352
6451
554
3672
7284
3958
5715
2853
7448
5545
8180
4038
8874
8443
1124
6466
3939
317
2991
7871
6155
2155
7958
741
8826
4409
9341
2277
3496
6404
5307
7720
6916
2251
2709
3885
9182
3577
8369
1003
7616
5119
3999
4299
1663
962
9419
2993
2481
4188
4342
3378
4310
6418
7478
7719
4874
7256
18
976
1730
5057
706
9777
1400
4184
3344
7529
314
9109
578
5775
3266
8773
7813
9084
7153
5398
9662
2744
5427
1947
4237
1980
7315
9006
3187
3026
2356
8858
2775
9884
899
4909
3320
8790
8563
5532
7182
2991
2134
1571
5683
3202
7298
6839
1265
4872
1779
2723
7053
5776
3115
8122
5714
4570
5775
9589
3066
9691
8563
7651
7671
9400
7410
5237
6517
6739
4644
4446
1727
5906
5952
6023
7158
553
7076
6285
4058
4214
7902
4578
1237
7750
5442
9295
2258
2105
8007
4146
3578
4302
309
1863
9297
2562
8142
9210
5351
1702
8919
5245
3383
9261
8740
8506
2675
625
9405
6171
1700
1803
6686
4981
696
5138
3987
2462
7565
4553
542
6970
3452
8301
7816
8095
4635
734
7838
2800
8
7906
5089
3152
7121
8469
8496
7880
4334
1172
2380
9405
1799
918
9506
9388
3238
6557
3602
4998
9681
3605
73
2862
9051
7252
8077
2825
3191
4149
2974
7676
7732
1981
6584
8142
1425
1551
1342
500
5498
227
4458
3570
2936
6941
444
5132
7218
4200
2947
3171
2092
5075
7666
6922
7273
6736
5136
4484
2191
9706
751
7334
2888
1838
9721
8846
6266
9714
9972
412
6701
8560
6683
2518
6048
2139
1619
11
8639
6663
7744
6058
5787
5925
9411
1788
2809
3645
7717
8925
5469
7264
7066
6752
5373
7185
7651
8897
4422
2351
6079
4651
5615
3865
8870
8532
4215
649
9590
5036
5336
5629
2121
6892
1960
5065
3698
8530
9979
6539
5803
7846
9381
5723
4270
8351
2949
7561
8837
1053
3120
2475
8716
3266
6834
4338
545
5471
7752
7738
6067
163
1510
7052
2892
9178
9869
9564
39
8756
5555
5150
1023
8171
8323
1346
4095
7077
3467
5873
7516
4979
4688
1523
2045
9211
5611
5021
370
9414
2099
5397
955
4620
3107
7080
8049
7292
336
1195
4053
4961
7634
4844
513
4171
2597
8018
9083
2081
4482
6205
2610
2185
5907
9853
477
7133
3087
2995
8679
2707
1752
857
8047
5386
8343
8745
7527
7733
9249
2511
4766
6895
5517
7631
7727
6373
8157
379
485
8110
7778
6703
116
542
6366
7318
817
3053
8499
2006
6418
7338
6895
3517
7599
9450
9236
9261
6353
891
9164
6018
6020
3400
1909
4066
6261
2009
803
4322
528
7402
815
1220
8674
9604
9742
2366
2939
2676
5080
8005
920
7180
3424
9304
2039
7611
5736
1198
2259
7671
8270
6575
3307
9452
2797
4647
193
5779
8377
8352
5604
3454
2666
9697
1252
5987
7173
7936
7986
6752
9357
2095
5946
3402
3113
2157
7485
4994
8335
4574
6915
3545
7823
9094
2935
1942
3573
4049
3615
8536
9492
6110
7942
8494
9508
4391
3160
1689
3749
4160
618
3344
1508
2993
8271
165
314
3714
7434
6594
5241
7582
8679
3597
4461
6620
8710
7188
1592
319
3341
1554
5291
7977
7383
4142
2977
1928
9410
4076
4730
6429
1538
8556
2881
72
5218
2952
1147
6254
9292
3580
3251
3793
6744
4262
818
5635
3693
8658
213
4381
1762
7266
8946
4778
1002
9548
6331
9501
5917
2177
4615
6913
8694
2610
626
7509
3130
5007
2724
8835
2974
727
116
3429
8094
3443
7173
6168
6387
7811
858
4024
7993
8280
2100
9384
2373
1735
6936
6730
928
7334
2777
5645
338
6779
5151
8995
9425
1493
7228
577
8936
4434
1150
898
5787
2117
3497
6692
4551
557
6781
5302
254
509
74
4054
1726
1054
2207
240
2343
6949
6354
1182
7808
629
9434
1955
8879
2092
2841
1530
1508
7729
5415
1444
5941
757
8827
9089
6569
4399
315
8886
4803
779
4854
3324
2486
9671
2355
5423
8891
3406
3622
4850
5407
8985
4247
7446
7039
5775
124
4680
1449
850
3482
1039
1352
8988
789
1269
2161
4805
1359
6859
1215
9825
4945
6136
872
5196
3870
8548
8520
4826
7556
6972
3794
230
8803
8187
5702
7166
6168
7690
326
3908
6013
4517
626
1253
9845
7409
9787
992
8912
6185
2883
4672
7452
3675
9977
5338
5218
9315
1770
4243
3147
517
1105
3756
2496
9400
3331
2649
4488
7585
3554
3450
1511
9032
1188
5976
7414
6181
1673
3775
6314
1877
9851
8428
1437
6494
3201
6709
9192
446
8830
6086
8840
3124
3876
4733
4625
7190
9348
8238
2299
5798
2556
2145
378
8675
8648
6612
1795
9416
9979
5901
9053
3525
2704
5270
8619
270
2133
8301
2478
3145
3013
9416
989
4313
2465
6849
8129
2446
602
7423
5765
8700
5841
7053
5125
4142
7012
166
3558
4683
2021
3098
881
5212
2214
4848
21
923
1639
2793
3853
14
9332
1343
9759
802
4560
8730
8861
2941
6262
8026
8788
690
2949
6001
1096
3101
2681
7156
9854
1253
9555
2068
4236
6105
4303
8359
2674
8296
1879
3988
9392
7489
6430
2116
811
3688
7670
9775
8937
9948
2903
1926
1102
9033
584
737
6272
8500
2965
8557
9291
8668
8719
9222
2717
3365
8064
6072
8716
6444
6700
7542
6285
1789
9747
449
1126
6597
5151
2569
4013
2890
3052
7033
627
990
7499
9022
5441
1430
9214
8664
5139
8173
6391
2490
1763
172
6084
5002
1421
5852
5193
4129
8660
7475
4681
2493
8249
2834
5426
6809
2332
9503
2096
7405
8870
2953
4521
9651
689
2165
2105
2561
7728
1338
2842
6698
2855
6127
4500
6310
9468
8064
8260
1440
6507
4458
5107
7309
3603
6601
1154
2021
250
7042
4843
2901
1527
1523
3936
3728
3940
7194
8672
3972
7085
88
827
8143
8126
9405
4387
5219
3672
2275
673
260
4549
8840
6165
7902
7055
6404
7626
4104
5131
2109
4922
744
8185
9873
4131
6938
3808
5470
3420
2516
3037
2137
4057
6073
5720
9817
252
1772
9217
3823
8961
7133
6751
8514
7470
8518
8276
9024
3456
6575
8162
3470
5456
6812
5786
9632
4908
5668
2902
2972
7931
5710
6320
8852
613
8044
8619
1092
8156
117
5667
6518
5597
8168
8241
9171
5360
4461
3028
4603
5821
7843
6381
2313
818
658
5695
2301
5562
7028
8385
3683
1664
3856
7273
5950
4074
9737
2083
1022
1756
9648
1111
6475
3985
8367
6814
1741
3826
1108
9360
6602
6665
8312
8819
8788
5209
1638
7734
3452
1608
7565
4992
1296
7220
1411
8849
6523
6942
8426
9905
2865
2106
2843
9298
5313
7461
2280
9516
9678
1540
1548
874
2088
6096
2057
7459
4974
9467
9114
164
9490
3805
146
7015
3292
4936
9055
1228
5910
3223
3066
6668
758
1908
1326
5635
7932
6132
1998
8444
3802
5929
1936
7136
4332
5366
312
993
2287
8929
6915
2953
9008
7818
8983
6301
7821
6600
9598
6088
8585
4390
4441
9434
3566
1911
1713
2075
8509
7195
6619
4943
4750
9337
6322
701
2866
1088
8812
4830
5359
6534
4748
1379
9033
6344
3923
1462
4484
6163
4447
6594
1493
3360
929
546
9238
1316
7656
4412
6866
5907
282
7244
5338
1494
5065
576
1071
4144
4643
234
5525
7779
1437
975
8567
2848
1606
4484
8427
4046
1434
3038
2941
2252
6489
5540
4451
200
700
6570
2836
3127
7677
170
8874
6649
3410
3511
1240
2945
8758
5526
7835
6427
3677
1971
6605
7526
5180
6157
6107
6009
7362
9701
6483
5290
155
9422
5568
2050
9185
1803
1953
6218
3905
8310
3127
7443
9069
7362
3216
632
2126
3848
5115
8201
458
4416
6727
6418
2911
2999
4729
1351
7578
8434
3951
8942
9259
5112
7803
6096
1060
4314
4262
3956
4034
965
5872
561
6079
9722
4330
8655
1121
4606
7712
677
735
3491
9583
8031
621
4439
7019
9790
628
5919
7447
3749
5174
5867
9883
3017
8912
7493
3267
2580
1052
729
2358
7250
3808
3412
180
4629
7369
361
3180
9343
7024
3079
4942
4755
8629
3341
4506
2300
8077
1382
5506
477
2227
3369
6218
4492
6696
4817
1612
3816
8221
8565
6425
4649
419
4132
381
4425
5298
2603
3674
3182
8745
3617
4461
9200
1928
7045
191
8797
7273
7396
373
6210
8349
186
5932
8487
8401
720
3404
5282
8895
3911
7966
3029
7255
4637
6553
5424
4435
1616
1609
9544
3220
8660
8817
8742
8074
3204
8291
1103
6344
7310
9670
9009
24
5732
7288
4145
5379
2857
5769
6292
4826
5298
6284
9088
7948
4777
5484
5501
9001
8487
8914
1664
1126
9070
1245
487
8402
1223
1988
841
6656
2771
1805
6883
8523
2895
9478
5543
4874
9722
9976
6408
4630
4095
846
2621
3961
3742
4238
4438
9271
1695
9154
9135
2391
3429
7513
742
8911
155
7816
176
9322
5546
8429
5485
160
462
4970
8160
6220
2125
7527
5998
1378
4254
4315
1729
7096
3915
3078
8334
9872
3918
2560
6823
6804
3748
5124
2048
4485
66
8078
7461
9937
1641
7123
1224
853
7066
3601
945
686
2682
7639
3854
3118
9163
7885
3515
8986
3190
2805
8648
2515
810
4473
3912
948
8047
5415
7560
8314
8971
5217
4276
8942
4976
2448
8922
751
4203
6472
6132
1403
6909
8860
3521
4194
9820
1478
3889
3190
7996
1155
974
769
6868
9982
3534
990
8990
4736
9386
352
1566
9231
1238
6722
3189
8406
8888
6605
910
5416
3033
9646
9956
2429
4032
2971
7912
8464
2149
608
1505
8636
8932
7703
7559
6513
7268
9149
5232
1473
8629
2161
3994
2621
4580
8873
6754
9941
7368
8273
3804
789
7786
7502
7805
7745
8379
841
7159
9555
7858
5356
2703
4028
3445
2127
5562
7252
4501
6818
992
1760
1091
81
8206
7618
2706
5531
5518
8759
9127
9932
1713
3728
8875
5284
1817
635
4218
6159
9013
9801
8206
107
329
9292
7347
9399
6463
3070
2819
4023
4099
8429
7406
2216
9551
6509
206
9818
7813
1083
371
1213
7004
6386
9615
3885
6252
6917
2283
7094
7795
3032
1357
5465
679
9428
1676
1175
6522
1673
3566
5677
5301
7589
2342
5086
5408
3688
5162
5370
6730
1169
7946
2241
8156
4697
8976
5649
635
6621
3653
5692
6494
5685
2300
7406
8708
4684
7209
3075
3876
4474
2604
1954
8051
8159
9751
7212
9214
7868
1230
4762
9379
8251
1945
3341
1294
4352
5463
1161
125
859
8925
8372
3195
3512
8057
3039
110
2624
9110
1678
8686
7012
8540
1580
3395
7553
7637
7689
8514
6619
399
5337
3650
7746
649
6832
109
3905
3041
5011
2657
6382
101
3179
6622
2613
6685
3654
4278
3834
295
9957
1914
310
1120
7039
7984
3925
652
1522
2479
8609
9020
609
3917
6027
5799
6842
2792
6769
3403
5999
4261
4993
2264
1451
1266
9311
3037
9072
3278
4590
9649
400
9279
4482
185
3746
4004
2294
1765
3566
8900
8853
7078
5645
1025
866
2773
9721
5553
7596
1414
1843
9194
6652
3186
6022
4053
1883
5844
7421
1308
5531
9770
8934
5300
3011
8773
1250
1862
5353
5101
188
194
3387
4628
9666
2206
9000
8837
9451
2742
6106
5251
1188
2529
9598
2864
3063
9149
4245
3529
7923
9010
5527
5296
7032
9657
8560
7807
7535
765
5596
4251
7849
3059
3196
8973
9559
7182
2770
8066
1580
1741
3347
1547
1256
617
1424
5672
3024
5007
2969
1946
2616
2769
4391
9900
5016
5585
3586
3583
5844
9456
9690
6648
2620
7343
7046
581
9554
4163
4537
2046
1740
8334
1913
5073
276
8105
260
2243
3289
8539
5534
6360
8956
2335
5658
2273
9870
677
4270
2902
3631
2173
5317
1539
881
7451
1796
3078
9685
5121
2102
5816
8897
5937
125
247
1274
9089
6981
1654
2812
9453
4595
5873
3531
8585
3498
271
6157
1304
4365
8643
9404
5449
29
7536
2371
371
4642
5498
7171
7539
2562
4264
4863
4773
6554
3091
7569
7918
7049
5973
7551
7632
6799
1341
7173
9455
456
4303
5617
5209
6134
174
2313
6877
5679
954
5981
7844
8037
2966
9830
4565
5669
112
4097
2077
9044
2762
4594
5329
7626
5762
5802
424
7114
1598
6286
6716
8166
1278
3529
3792
2185
4329
3605
5871
4576
5989
7106
3851
5053
5285
4440
3441
9829
6947
5982
2742
187
7680
8094
2538
1021
5890
1207
1087
6788
4660
1539
7780
4783
3268
2280
4384
6729
1659
3064
6217
9983
6941
8454
617
5420
512
1642
8694
5299
781
386
7267
7579
6679
377
220
6546
8916
1898
9662
5718
7589
8095
3699
7986
9071
3898
6703
7838
9817
1684
7727
8067
3236
5526
8356
3472
5839
5818
3159
820
158
1561
9245
8980
7838
8135
5991
2399
7512
5364
8217
75
9877
9535
3967
282
6647
6970
4982
9144
7992
6480
8191
7078
860
6814
9542
3946
2489
1343
1165
2297
7698
3974
6651
2833
6088
7543
562
1511
5087
4248
6382
386
6644
5519
7146
7298
88
5965
3524
1533
7439
4837
2228
9165
6370
14
5992
6635
4900
9880
9169
6401
3201
899
1199
3810
4201
9895
3180
5275
5861
1086
2480
7494
4963
3146
7904
8790
3131
2886
4316
681
5427
6386
3022
4478
3504
2404
8808
8405
246
7289
5859
4222
4574
6868
7361
2226
8205
5728
7491
3047
7335
9116
4263
3345
4139
7099
7741
2435
9891
7446
2567
2378
1208
3680
1171
4190
2148
7414
4809
7889
9649
5425
1184
8562
6876
461
227
6963
7
6527
9923
9687
1506
7598
3023
9572
4626
2983
2266
1489
4705
3502
785
2490
1751
3005
2767
3176
2423
8853
3624
400
5108
9825
5305
5917
6860
4378
3667
3176
4282
424
114
2676
3392
6648
2875
8039
4575
9890
4579
1039
7701
9132
8467
916
7474
210
321
7684
6330
7053
722
9106
8583
8541
2534
5017
7833
6705
1253
9193
781
2403
2067
2694
6991
8292
9052
3229
9558
8109
9513
8150
38
1520
2176
4132
7613
5487
9577
4153
2033
2120
2161
3641
9899
734
7740
5104
8687
9731
7977
9484
5178
7815
9624
3626
6036
4319
6492
5267
8318
3591
4836
876
8589
3998
1276
9079
6307
7711
5856
243
9502
3910
130
4512
2494
4241
8675
277
6522
2033
782
2931
3328
4214
9713
2124
828
9018
5609
267
8420
959
5900
1225
6721
5246
5567
8339
826
6794
7388
6170
1131
7065
1860
2534
7940
9232
4974
1382
3374
7073
1421
8944
4699
6540
8491
2602
927
6191
3316
3693
8958
7256
5787
1800
7365
9921
6118
2090
5111
7604
763
8205
2444
5628
2198
4296
5618
8405
5098
4423
265
384
4332
5977
1794
2241
9428
5220
8883
8074
4851
5905
1093
9520
4222
1140
1485
4152
1843
6302
2429
181
6938
3088
5787
4512
1860
7284
5881
7259
975
2137
5447
6843
1364
6133
1360
4823
5230
5350
7408
1725
4122
1
3845
9010
1866
712
9442
8422
4237
6692
4652
5509
3391
4040
2081
9252
9119
5548
3534
2106
2446
2710
2279
2811
4417
6946
2872
8565
3555
5915
2206
8715
2386
2303
6716
5243
9296
7215
7231
496
7488
2188
8892
3531
4158
2560
1300
6780
2369
259
2814
4808
8101
1435
9491
8194
6883
1638
1921
9502
907
9016
1202
8619
8868
2916
7247
1042
1258
3364
7746
3263
3979
3817
2851
3143
2118
4357
175
9453
6679
2084
2151
5098
3125
1854
6221
4294
9118
6253
2204
5799
6815
8899
3029
3502
4331
1241
7015
873
2341
1312
7693
236
2670
8516
437
5401
1575
4787
951
416
2774
9975
1307
5634
8859
8479
4054
338
2347
775
5426
866
5449
847
2159
4141
5004
6425
2376
3032
8713
2373
8487
2027
8875
708
3713
2649
4849
4473
4822
8349
3827
6169
4083
4433
7047
4763
216
2062
9758
7375
6779
5499
2522
4003
5264
7472
9390
9399
5964
1438
8895
4786
9639
977
2576
2094
2767
4860
910
2005
5001
6658
1284
2615
4691
4281
4033
993
4862
849
4257
3958
5635
1060
7075
9763
6186
1658
4941
4916
561
2443
3920
3291
1282
2254
2264
340
7834
6804
485
6398
6580
8118
3485
7582
1932
7863
3142
100
434
1040
3104
5917
6146
2021
1520
7144
8218
6806
1455
3476
84
1468
2958
5334
4236
5535
8309
665
4835
3145
7812
3340
7245
8857
3789
1746
7580
7817
5939
5120
9189
6342
9271
3609
5210
6773
3205
9564
672
3875
8813
4414
7440
1247
6319
2728
21
2348
4878
1094
7465
4168
5854
6579
1439
9391
3494
4756
7194
6979
1141
6255
5149
4324
2430
2517
947
2990
7231
9185
8727
8434
1980
4547
5624
1810
3025
4003
4850
8465
9740
1311
1959
8584
6325
831
1840
5099
2330
7084
6116
7466
2525
5012
2549
3779
4402
5152
6386
1265
6644
2586
877
9226
7521
5193
5085
3469
1692
1794
3381
599
9610
8775
3449
5498
5218
5585
6758
906
1628
578
5839
6534
5377
5829
2141
1922
6451
7794
6107
5472
1693
4289
1168
2569
9775
7682
3699
9185
7493
9392
460
8302
4461
7727
3114
3311
645
5536
4925
4261
2666
3792
7235
5892
403
6858
7694
1262
1084
4252
2179
8519
5135
2461
6328
2119
1724
1286
7000
1151
5170
209
8683
3653
8238
4960
2701
9015
6600
1151
2959
2302
4749
7383
956
8393
2816
7151
5588
6534
1132
7678
4337
4179
6836
9160
5458
2121
5316
1315
8793
3145
1604
3519
2625
5721
8799
4256
7294
3922
2701
8476
588
7786
9178
7214
6511
9583
5223
1129
5949
8992
9012
7027
2772
1382
6631
422
3686
7922
3066
3719
8442
2697
998
791
3180
9543
2997
7826
8958
3917
3704
9262
8514
7183
7739
3417
263
4752
7380
1125
514
2560
5796
8746
1632
4563
641
6497
984
2928
2408
5685
883
1923
4565
4610
323
7031
8567
1654
2748
3419
3348
456
9656
7011
6784
6084
6775
8978
6521
8782
9849
1036
771
3612
851
6654
1050
9940
5865
8563
1984
8103
5229
9936
6318
5307
8753
5441
3275
5499
106
440
6659
5461
5777
9493
2386
9503
3554
7429
687
8906
2834
5340
2272
3376
4220
8311
7534
6173
677
3754
362
2000
1816
3462
8321
6093
5823
7182
3322
1304
8294
3519
156
2402
1153
2424
9178
2824
8926
2873
3195
9518
1618
2993
8031
71
5159
6554
6510
9752
1261
5858
6580
4558
9390
4795
8564
3858
1542
6311
8793
8868
1860
7724
1257
6903
1416
6986
516
7900
4032
6237
745
2014
5975
2644
5605
75
1843
4891
2284
438
2287
9404
8606
1121
7203
6583
5816
4447
324
3022
5412
1944
4802
1571
1471
29
7024
7984
9983
5608
1032
3746
3452
1611
3708
2999
6829
7019
6533
2536
9399
222
5266
4197
9338
6896
6395
3320
5225
2454
1757
7655
7132
8458
3870
5236
7435
7266
8927
1676
669
2355
1071
5638
7793
181
4001
3046
1742
3665
1527
8544
4690
8844
4398
375
203
4328
5581
3828
3158
7528
8370
8794
1056
6178
5380
7720
6696
9118
2299
9941
8749
7228
6219
2118
4002
133
4632
2301
4858
6739
4872
1273
3765
9525
3686
8053
4828
8349
4935
2714
1938
5251
9266
3570
2359
9187
8699
8830
5273
7722
8049
6859
5674
6873
996
3639
6703
8117
3192
4408
4501
7805
8595
8485
2496
2845
3210
6975
2102
3710
486
2276
8061
7293
7969
6569
7582
577
7279
5473
6425
1452
3403
1184
3875
2072
4440
9940
2099
7677
2385
3617
2152
6308
8351
5476
5400
7529
1122
8857
1317
5854
9526
7464
9735
9942
6662
8464
1802
2109
9992
153
3783
4447
4383
6375
565
130
8743
4914
1802
7188
2674
5070
8983
9282
7673
4271
2149
8962
8826
7256
3063
5072
9979
3905
7330
4362
3818
7102
8870
2675
8496
346
912
2723
9799
4309
6864
6882
4798
6099
9276
6968
8989
9400
1971
7692
5871
2107
3928
1252
5094
1831
2914
9150
1005
5036
989
6064
2595
5001
9667
7248
3540
2720
8905
8166
2152
823
3920
2561
2770
3631
2051
8611
3517
1341
703
5453
8096
9905
6478
7476
5056
9050
5735
6812
2632
9152
6205
7096
6067
1982
7725
4266
349
2838
3632
7867
7186
7054
6716
3128
8822
1052
2097
5878
5016
759
3729
510
2398
4438
7080
195
6560
5531
2562
4124
2467
4403
6929
6371
571
4289
9878
6620
2790
9695
6372
4492
560
864
6305
895
9604
3481
5123
1464
805
3941
168
4710
2156
8738
2610
6350
2392
4298
8505
1151
3852
5394
4278
6005
89
2191
9460
647
1752
7521
326
1785
3801
2148
6236
6718
3099
5800
8477
7507
5552
5726
3759
9225
3206
1636
8222
6349
2736
5880
3805
3960
7473
8195
4486
6110
590
6045
865
2641
3190
9744
5424
1234
6608
6373
334
7380
4289
7982
458
2682
9960
2927
5837
6397
6530
2844
2950
2151
3884
6045
3559
4907
6942
9888
8361
1093
8501
2211
9517
7819
7414
508
1597
5851
2296
1934
8056
3131
9447
3273
139
5861
6032
4510
4634
2896
6272
7174
9914
6333
9406
6459
2075
5534
6724
2097
5970
5989
5846
2587
2268
9982
1768
4924
4936
616
7388
5878
9551
437
3942
5426
7835
7564
1125
5907
5818
9762
6240
4036
6156
4246
6677
8709
4286
5882
7197
9242
141
3974
8759
4815
6848
3008
3952
8650
3097
3596
1571
4293
146
2029
9393
4550
1236
6525
3396
437
9925
6855
5070
5686
8488
8240
9056
7856
7189
6523
9498
4108
4893
9478
37
3239
5055
61
7435
890
4147
9178
5184
7753
420
6541
7409
2747
6855
1917
2003
8829
1663
7033
7640
8569
1431
1436
6007
5655
4895
172
6458
5676
8352
1377
9608
8489
5131
6169
5592
6409
7261
4638
2755
8741
5099
1614
9768
567
7996
4767
3601
8766
4995
4982
9009
4133
3986
2577
9661
2366
675
6327
5782
1726
8993
1874
1558
6731
9489
41
9065
6227
8948
5390
1474
6839
7393
973
7123
3935
2259
8287
1518
3210
4689
1069
7218
3687
3247
1371
3795
3528
3113
9393
3493
9837
4379
3138
3580
8754
5301
2977
6712
6187
2929
7661
5762
4864
121
5031
2471
2653
7248
7446
470
9972
4235
3309
4547
3426
7394
6050
5354
7203
6517
4773
2438
164
685
159
2331
1110
1225
2840
849
4370
4031
7730
4493
1518
3125
4053
1997
6357
3786
9103
9070
2311
5347
9788
2579
5651
612
9596
6534
8450
7332
935
6699
8113
3045
6307
8391
2496
3835
5149
1316
7700
7260
4770
8478
2512
473
1643
2823
7613
3128
1818
1823
6642
4320
5603
4816
9526
6505
4763
684
6905
5411
7470
1625
4730
5258
980
1979
3507
9536
7746
9761
9742
757
7420
3381
2641
5659
9005
7062
9650
7814
3899
8596
3939
9290
1951
413
2950
7456
9923
5679
2031
753
5338
9624
8564
7466
2084
6685
7451
9447
8069
366
9312
6663
6265
2706
7309
6422
4344
1537
6727
8249
1754
4272
8948
4349
7844
9932
9905
8486
912
2413
2140
9137
305
9329
8944
2148
532
6622
4246
2371
2551
7095
2759
654
9343
4252
1194
5673
9143
1116
668
6276
7021
2696
1624
5652
9767
4674
6339
7720
1635
4818
3668
1858
2134
5100
3752
1582
9011
3189
2004
2927
960
9473
685
3836
5024
7400
8892
970
2347
2241
6915
7794
8655
96
3526
6429
3977
6941
9755
9724
9716
9674
5923
5553
3361
7738
1352
123
7420
6958
9774
8710
7985
8680
1466
577
1793
6185
6628
6713
2496
9139
6648
4672
8369
3048
8312
6494
5012
1941
6847
4864
8659
1261
5059
2799
9116
8773
6712
9470
1485
733
9451
1148
2801
2991
3861
5218
8831
9677
9765
317
2666
7038
9808
7539
4733
7076
2991
7075
4364
2451
2602
3849
9641
9486
2599
6609
4246
9226
7257
6011
5847
5790
1906
5272
1463
4096
8055
8007
3396
4041
8769
5999
262
35
9375
7936
8731
1409
6308
7565
6855
1030
7316
1535
5481
5159
8767
9360
9229
9674
4745
3242
2183
1994
4845
9774
5978
2004
5658
1850
3404
6202
1873
1841
445
7647
2887
495
3310
4777
9179
1038
1219
6309
8982
7454
2160
7581
7366
992
97
405
9518
3785
6645
8406
7262
5559
3558
9566
7157
4894
404
6615
1672
2803
682
850
5962
670
2112
3821
7036
9060
4199
6749
8486
707
8307
5261
8868
6008
779
6924
5454
2232
7234
3531
3328
8179
332
1818
5488
9565
4349
2841
6177
7672
6213
5443
4451
6510
9349
4163
8783
5282
3549
77
1001
7786
5595
7409
9916
3589
3600
3905
8130
8752
9881
863
7910
3071
1602
960
6119
5154
2602
3577
8443
5944
13
9383
3665
1383
9870
1602
642
4241
6377
6103
5167
3288
9973
666
3976
4325
1602
2830
1182
4654
6995
8873
5218
4784
4264
5213
4407
9148
4347
6545
35
2260
7301
2786
2126
6197
2165
2619
9004
1842
1613
1589
6012
5972
5254
2107
9696
7467
9840
7201
4053
7983
2920
742
1330
6115
5182
3539
8816
2444
6612
5523
6825
4772
9116
527
9981
1429
4099
3313
5244
209
6227
6471
5423
8384
2627
4078
976
9464
8505
7242
8444
115
7483
5518
4381
8815
7138
2095
1557
9723
4190
5835
5721
201
1711
3062
2795
5960
6117
6624
7044
6173
831
2971
1812
9493
4388
6160
5491
7796
6796
5785
7349
25
6656
5484
9645
7543
2071
4032
1430
2168
6447
3018
5740
3398
4788
9993
3663
5026
3711
5425
6739
9508
8664
7102
5488
8013
8646
1871
7013
2528
7220
1629
9801
6791
6867
2847
9510
2246
4954
4080
2581
1427
4293
4368
2700
4176
2139
2980
426
3242
9662
8705
3555
7285
93
3863
9478
462
3710
7939
1140
2195
9086
9008
3392
7167
7842
9408
2821
1535
6789
7857
6668
3543
9615
2489
8576
4077
3174
1195
9161
3871
8489
5923
7338
9886
1856
7939
7817
7619
2522
1014
3221
4563
6427
6175
6164
1539
7892
5402
921
6801
7870
396
4899
833
6043
8839
3985
8713
4116
86
2984
1744
8266
7255
9435
3692
8516
8446
7591
9561
2686
8426
4298
4220
6367
5551
9929
708
6148
8114
2988
9674
6392
91
588
4764
7333
2934
1327
8044
7794
9055
5833
5623
4805
1831
7750
9950
1675
6854
1102
6561
2882
9365
8845
793
8072
6869
8426
9892
5209
2748
9143
1986
2684
4695
9139
5395
7220
5114
3966
8200
5825
9533
4820
9377
9863
5644
4711
5724
7604
6146
411
1088
9226
3093
6978
7378
5083
582
4606
9790
8702
8009
520
4176
3691
7343
7732
9561
5995
641
4728
3354
6774
238
1686
7955
3239
8360
3207
1318
7774
9406
9668
9727
3240
5933
3753
4267
9543
5656
7093
9003
4546
2865
6946
1714
6044
537
2719
8239
6199
4506
8812
501
7202
3399
7277
5940
9672
1289
5572
9996
7706
1706
5419
680
7191
2320
5834
5557
4302
724
4668
697
289
7100
1423
7525
6727
5259
2581
6777
973
2208
3192
2216
6571
6142
1566
4091
653
7164
5744
3148
5972
9811
3723
4630
6511
6492
6349
5973
6848
311
8676
9030
9855
3983
3759
8155
1891
7975
815
6163
6717
6703
6628
2240
6567
5921
4480
8559
2950
8946
5543
6585
99
5163
4526
8684
3183
3942
2631
1645
3988
1614
5889
715
5732
1500
8196
9574
8384
8844
7256
2789
5511
5424
3121
6832
4642
5107
897
3625
2040
8985
8835
4769
6169
3610
5844
1948
9515
8509
9231
5768
2953
6506
3488
1757
4344
2079
4032
9547
2103
1450
7389
7078
8350
7923
1670
81
9019
8916
3047
8886
8505
1590
8346
4359
1309
5654
8208
2934
6335
256
7379
9658
4062
6770
4733
8667
2858
1845
999
2169
3313
3481
855
5621
1353
1443
9856
8944
7281
3452
8734
4957
201
239
6195
466
3835
6835
2324
3055
8665
1426
4708
9880
1489
3975
8166
7411
9783
4176
332
4767
1082
5740
9218
293
9304
9001
2526
9880
3302
9628
6746
1083
2739
6142
2379
4240
4559
1083
5610
4916
6578
9176
9476
652
675
5256
373
1175
1610
8243
6299
9341
8043
4311
9351
8937
4416
739
693
4704
3924
9583
7600
7611
335
8647
5886
9492
5391
8496
6747
9190
4357
3132
8484
2459
6577
3774
1901
4809
5329
1765
291
8549
6033
8090
4895
5226
7045
6824
4776
8919
6160
5111
3092
3906
5084
4376
3579
9120
4659
5157
7123
756
9686
4926
2933
9761
4070
6260
9335
8105
3951
1111
4826
3379
9229
3927
5555
1463
6227
6496
216
5445
8440
4044
6030
5347
8660
7910
8615
2302
8804
2575
5204
3110
4409
6112
4689
1830
1973
5525
5390
1402
9719
252
164
8271
5139
6759
4602
5679
8928
2101
8259
8134
8190
7953
3478
5184
7595
6304
7145
9111
4813
4065
3732
5372
2926
3642
8231
8069
3264
5992
9661
2772
4353
9147
6377
6281
9188
3673
5192
9269
4012
2512
5650
630
5499
2202
6526
643
5031
2239
6985
5935
741
9177
8462
2146
7140
1411
8324
8693
160
9816
3473
9540
7146
1648
119
4433
9360
1022
9408
4468
9356
3258
2147
648
251
588
6198
4467
4480
5440
7355
8933
5198
8725
8488
3821
9386
2453
8574
3992
2690
1870
6548
472
9784
4527
296
3936
6300
6115
1099
8756
9309
4505
5078
33
4525
6966
12
5459
3542
377
1433
4748
6587
3449
5032
1755
2502
901
3049
320
901
5854
6926
5820
8284
5240
6516
618
3314
8910
2378
3852
7166
7577
9599
8849
8802
8434
9055
2142
9730
1002
6988
7698
2522
4863
5281
7997
2914
3485
5398
6138
2617
1878
9888
4180
1209
1985
7801
3395
9653
4685
1815
9822
4658
3085
2507
5069
1869
8466
4999
8937
7223
2659
1549
3698
4404
4348
1372
9897
4662
7966
4037
5166
4822
6496
1067
536
741
2911
6956
2641
4812
3953
3250
3855
9252
6347
928
2788
8945
2228
9191
339
1723
2572
5758
5449
7561
3434
3969
9283
8178
2002
1301
1038
8396
8397
4556
7964
4521
7908
13
9927
2342
8138
7750
7015
5404
4339
486
1477
1405
140
3379
172
9453
3088
6606
9051
7207
3172
1197
7824
4421
8446
7472
3540
9968
8729
6114
6302
4845
4959
7069
3170
9328
6558
5413
5130
8822
605
2096
5577
4287
3977
5720
311
8488
9602
3995
9734
8158
2856
8694
597
9496
2744
5927
2781
6610
2401
3689
1253
3406
1464
8445
6188
6312
3879
3320
9038
189
9691
9181
4458
9921
9984
1697
5605
7891
2275
1440
3865
9160
9367
7528
5817
8808
9273
9662
3368
3566
6991
5082
3750
5424
9978
5246
325
5346
6970
9100
1030
1338
4072
8180
3487
5905
8033
760
524
5836
7840
6211
8101
4495
6267
4318
7243
1417
9333
1252
825
4118
4910
7863
7945
583
3874
3875
2433
3783
5334
4160
7211
7183
9547
5498
541
2636
8467
4230
1110
5901
3547
2074
7626
1676
3287
3630
2424
9842
7326
9529
8768
8873
8584
7596
4779
961
4446
9363
5163
5014
6514
5354
1360
8818
7903
2553
7496
2985
9078
1845
8292
2376
5669
7572
8457
6839
332
840
3801
98
9755
629
9450
1136
1894
8601
9166
1128
1217
2714
3939
2988
983
508
106
9996
3364
7348
4906
608
1865
3536
7944
8326
9669
9618
3407
4184
7407
5365
9191
797
235
6530
7309
6667
243
4662
9855
7558
9518
8307
3815
239
9465
1764
3483
5115
3464
2062
4426
300
2246
2693
5973
6393
2976
4181
3440
9655
8761
1351
5418
2356
625
8583
4297
5976
9722
6975
1085
6992
1389
9068
4706
3817
1840
7499
5917
3488
8962
5020
2453
1160
7292
8060
9468
6664
9133
9979
1221
2680
1036
4043
7159
5534
5026
5172
7068
391
9169
3502
2297
7808
396
4592
9679
9427
5825
1229
6256
1754
9737
2519
1242
2430
4078
5908
8777
132
7708
3437
3142
3692
5949
1229
7526
9383
8289
2613
1596
1064
7796
8401
5367
2915
9327
9565
2090
4542
6023
6546
8257
4234
7066
4635
1113
1835
3875
979
1632
1824
9723
4146
2439
5826
5801
5595
1348
1009
2143
8510
1840
1960
4062
4223
3566
3768
9514
7874
7797
9579
2150
9394
5556
486
7290
1221
7752
9326
8656
5650
710
2392
6921
8990
5127
2771
557
4672
4909
8910
5858
9227
7956
1277
2615
6592
2071
8149
1222
1227
5219
6670
3263
9827
4326
4745
6389
9119
9869
8016
833
984
7780
6656
7721
5215
7588
8502
6935
6254
2345
8750
3596
6548
5205
6098
6330
4916
4631
1585
2016
7292
2133
7434
533
1394
529
5366
9253
6850
2591
8050
6634
1239
4283
6302
7395
1435
8200
8848
7995
2091
3594
1878
6180
4948
8164
3435
3704
333
4279
8985
5915
277
3164
479
7535
6642
5953
1047
3008
883
5124
6886
5641
4004
1844
6600
9835
1795
5983
6599
3450
9412
3246
4620
5031
6266
890
4887
1304
1432
8634
7334
1035
345
7337
6453
4461
2871
6470
2320
5624
6452
7551
1599
6588
4537
4195
6051
4594
7019
4834
6277
5836
6673
9577
2541
4873
8476
3193
9686
6659
3772
1448
9614
3853
386
638
5066
8464
1059
2905
845
2803
2909
4347
5863
8788
7011
4381
6527
139
243
7395
7371
7845
7996
8553
6078
6099
82
1574
4963
2891
2739
3115
1573
8035
3285
3673
8514
6198
4836
4034
4488
7707
434
2930
6991
4491
2932
7303
8451
5360
3148
4879
3538
5273
4267
2528
5424
258
2845
7689
7780
3107
4652
5714
3091
8514
8929
7425
7145
9195
1003
8795
3534
5210
9396
252
8735
7426
6759
6385
4277
3629
9054
1736
2827
8079
720
4373
8626
5167
2089
5821
7434
4418
4669
1968
7920
1246
3733
5942
6247
4014
339
2841
9141
3304
8519
9090
628
3764
6645
4957
1168
1775
4101
654
501
3665
8895
3697
5159
2218
3272
130
1256
6165
4853
1696
6957
91
3623
4524
5726
8316
7569
8507
9003
5708
813
3126
8063
5597
4626
1042
6866
581
3993
5909
6253
6940
1302
4526
5247
3057
1625
7638
5037
5466
7081
8354
3092
8834
3350
3499
900
5277
4284
8781
8744
9476
770
6700
8830
736
3291
9885
6991
2613
2219
7040
2516
1895
7110
4929
6327
8907
5840
5287
9791
9157
9659
2220
9873
4267
3798
1818
2494
5234
4460
599
8011
7065
3990
2147
1980
3410
7952
9192
8394
7938
4569
2099
6612
6171
8442
2371
3594
7158
6215
7740
1446
8823
2151
258
9856
4239
9592
8963
4116
8390
4832
4788
9703
515
4371
2252
1109
5995
4052
3663
2917
9384
7059
5526
1042
6279
8111
8559
1040
7526
6696
7631
3198
4984
3588
9583
863
2965
9347
8031
4304
4472
9010
7403
2414
9927
470
8569
6380
5175
4875
4584
5040
1075
5473
1091
2281
7871
2663
6203
1599
9031
3369
7415
2948
5154
2829
165
8178
524
4138
5206
8045
9858
1730
3962
6572
8781
5297
9173
9370
5714
9320
4400
3782
8894
1737
2346
8778
4910
7033
9567
8641
6757
754
2494
7931
2935
3429
2690
1150
318
1838
7366
4080
7692
9629
367
4865
5445
8022
6426
6133
5295
6521
6823
7971
4942
5556
5517
6187
7967
1601
2700
7680
7499
2492
3207
8710
3660
5357
750
3065
6744
1211
5888
2824
1881
7122
4438
424
9804
8475
9869
8008
9460
8120
6295
7990
2926
1915
2677
4257
2259
7804
523
907
6379
3011
6516
8455
5175
4781
1088
1417
2368
3880
4722
4900
1546
1537
9316
1369
1184
6128
1630
9891
1301
8214
3926
5273
8963
8082
329
6013
1795
9183
6301
4662
1915
4804
2830
2275
4502
1495
2256
1497
7163
6000
3166
8438
4596
1426
7074
5001
2220
9082
734
9586
7617
4467
8648
227
8158
4037
80
7825
4931
4137
6379
5629
6529
3428
2918
81
4532
9534
8746
3406
7820
8814
4634
9592
6961
8262
1677
9093
9615
2714
4030
8232
163
144
9120
2548
2806
6086
2862
9013
7238
222
1918
4342
8128
8555
2484
5278
3015
2981
9537
9307
6729
217
4815
1912
9125
3088
445
4346
8817
1989
2587
3264
9266
8108
5498
5630
1594
9441
362
3265
115
602
3229
5550
2833
4701
1398
1540
1800
4570
1838
1888
601
6734
4367
5221
6699
194
2881
3742
6840
4818
4349
277
7673
9936
2976
8925
8600
1277
2386
3682
3720
9983
2824
6094
5451
1672
5537
7236
9511
6272
4414
156
388
4493
517
3397
808
4953
5780
7269
5464
9209
4236
4810
6461
8787
844
2197
9578
2817
1653
4496
9509
5490
8938
1009
9770
9304
4470
1349
9667
4153
6278
9971
7829
667
9127
7443
8317
4940
8516
9095
7584
1496
4046
5839
9328
314
5734
2131
1853
8458
2659
555
5069
9670
8463
4706
8918
4027
589
3061
4800
8970
2779
419
7239
6400
790
6807
1566
2893
3094
8449
7224
4280
7183
4201
2458
3576
4302
6604
2420
8088
53
9594
7507
417
8739
7075
4678
7091
4825
4137
8019
557
58
7652
7692
7071
7415
113
805
6468
1545
6209
5210
8553
8255
8755
9544
1935
3688
4086
7040
1110
2093
7747
3893
3239
9331
8180
3023
3520
5870
6936
80
606
2222
8123
7787
4125
6042
541
7911
5418
7856
4869
6476
5091
5567
3724
3272
8926
3842
1324
3099
3283
1528
2831
9357
5734
8338
9990
8068
5124
9152
4188
9856
514
5036
1270
3625
337
6341
1253
4327
3887
725
288
6609
902
521
9533
1191
5074
2290
2871
9934
7242
6789
6912
5601
8187
3370
2123
3132
5996
7898
1265
5966
2812
2601
6192
2622
814
8565
6342
8461
9432
2765
8012
3151
107
2258
8432
6596
9418
4866
6628
4446
5017
3010
2044
5920
8234
2593
731
6983
6711
5122
351
8653
5580
9391
2295
8159
8645
6813
3729
6143
6515
9259
219
1237
6894
8765
6583
7869
3785
7669
760
5538
3704
8579
3881
640
392
2020
6362
8091
630
3846
3729
9768
594
7881
2453
6386
2211
6551
8731
2849
4075
6062
8328
7268
9438
3438
253
2490
1015
1471
6697
5
9351
4757
9004
4720
6450
9659
6646
9295
732
3753
9194
3217
239
7139
5125
8797
9143
6001
5397
3443
6650
2541
8398
2604
684
1562
5709
9603
2585
9373
634
5428
4876
9888
7599
9026
2734
6954
8545
163
8111
3549
6156
2543
5311
6865
9314
2421
7590
6781
3697
950
874
3131
689
4040
6188
9330
9437
7220
6944
4319
6236
1307
886
3556
3857
5477
6718
3359
1147
64
6516
7832
4284
6469
9672
6453
3645
2188
3898
1778
5420
8075
4126
1773
6703
8442
4286
8977
4144
8083
6855
7230
5284
2409
9117
773
5271
7765
314
6837
8479
2008
5851
7089
2389
5432
4725
3014
3978
9784
117
8832
4518
7724
2493
4093
2928
5729
7416
2473
5083
3721
2135
5546
9096
3158
7750
9893
5403
7386
825
4326
2824
948
9438
1710
4200
6151
7325
5841
9634
1921
8876
4825
3032
4904
5770
9748
9535
1310
2719
4931
1207
2810
2095
1180
980
420
3587
6558
3351
5000
2013
3053
9750
1466
2615
6798
6345
5189
241
4607
3231
5352
6515
6038
3186
6042
5632
7885
1199
2229
8849
8855
5363
1181
4291
2961
6045
5337
4585
2230
8849
1616
3123
7051
5235
247
9478
305
2155
1184
2657
5283
3556
4469
5268
1946
4057
2915
2986
9621
9370
866
5881
8940
667
2618
1384
8460
1899
380
3441
550
7847
4203
9749
2210
5548
8036
6881
3966
7269
8266
2089
4515
1660
7521
9696
6808
9124
2824
3714
366
8543
2851
1178
810
2170
3239
4253
8122
632
8211
6502
1701
9894
1504
9828
6535
2337
1977
9267
3376
4132
1841
3349
9444
4985
2335
7517
8043
4052
7337
9971
260
2972
7470
4826
7854
8549
8769
7694
1451
8422
2550
3110
6005
1553
2944
4461
6748
2508
5043
3660
3353
1860
571
9229
2791
3452
9842
1020
5346
3674
9352
6763
7752
3912
9095
1250
4751
1850
7369
4847
6448
862
2845
9273
1545
7230
7063
2406
5611
9485
8016
2599
9701
1422
1025
4505
5375
5674
8664
8587
7862
3330
615
41
7470
7541
5809
4250
1685
1699
730
3988
6742
4933
6287
5636
7318
3816
3940
8994
7024
4020
4869
8915
2716
285
9720
1143
8523
9107
2532
8073
38
1484
9321
1814
9845
3808
3646
7778
1891
1842
1631
4452
9669
9617
7337
602
3953
2829
8318
4488
1389
4725
7881
2555
8237
3298
8895
7487
1766
1140
2144
4516
3855
2658
6564
6256
6136
9228
1859
7277
6310
1094
8871
7287
2649
3811
6103
6141
330
529
1247
404
9089
1935
7616
2034
8837
9232
1048
2101
701
8034
4778
413
585
7397
6303
5287
7330
9507
5208
46
4324
2370
6379
133
3091
3030
4687
8827
7381
9827
4661
9584
7944
8889
9705
5374
598
9466
2320
3730
9981
7971
7945
5623
3541
6594
2544
9959
1096
7023
8893
6087
5223
5674
3290
1795
9598
7920
6265
2400
9074
5814
8473
7790
6900
5592
7560
4907
2382
9199
5541
471
655
4407
5567
4481
5307
3046
8023
175
2298
8563
1187
8904
731
8377
1705
7211
243
6512
2708
1933
6914
7212
8504
6151
5584
1997
876
8801
6135
9103
25
8320
9781
8906
3263
5020
9613
5298
9907
6553
2879
4064
1182
8474
2640
5453
1997
4140
9501
3167
9547
3688
7196
2903
9035
7022
2992
81
5457
9124
4860
4933
7107
4481
2795
9798
4112
8961
2113
5785
2288
7562
9621
9202
3645
8985
6860
3192
7722
195
7421
6913
8702
8468
7064
81
5996
3255
2729
1168
9513
9084
9098
7246
6594
4575
3534
1115
5498
2008
6630
3525
7306
1334
1497
1608
6915
8258
3271
2107
5832
2754
3059
3127
429
431
6292
3999
679
9544
7873
2163
9002
4612
7831
8980
4096
6828
7313
7228
4325
4918
6850
3057
6648
4053
4775
409
8820
1318
7520
8704
7115
3368
1006
6494
9760
22
5814
643
9042
9950
2249
8256
4039
2970
8277
6067
3148
7831
6800
9934
9761
4724
5948
422
5546
9195
2179
2451
1164
5668
8223
8964
3865
981
139
3561
6958
3785
2780
957
8421
1530
6658
2769
2063
8155
9775
9443
1568
7552
1042
6606
320
9480
1884
1400
6695
686
5804
8640
1017
8976
9884
4055
8929
990
6147
9813
6656
4386
6459
4489
313
264
4364
7446
5690
307
6377
1422
5094
776
9280
9238
6720
7111
6917
5184
4239
4536
4319
3760
160
1453
2364
7409
3690
8019
3239
4858
7469
2293
2337
8265
6748
2586
2432
6087
3178
7985
8126
6990
7356
220
7894
482
630
5073
3499
1501
9735
1412
385
3058
1464
6637
5584
5519
9450
77
8061
5164
2626
8424
6966
2728
7377
2383
7624
6287
7007
3259
5668
3080
8697
3269
4235
9835
4878
2037
8907
8138
3835
8736
9668
9467
2999
9427
7669
9802
9285
2538
996
9653
6650
5756
9361
629
3496
1302
4884
5626
8942
2440
8148
6875
8091
2092
5755
8700
5776
5844
2708
1524
2386
503
5377
7359
3759
3245
5293
2430
1308
3910
4278
3737
7327
4849
7015
2928
5547
913
7910
7077
4371
6687
7095
6789
6765
5970
8564
4211
9303
8631
3776
1612
4769
7860
1399
9192
8798
5425
4243
1029
483
62
9651
6244
8543
2603
7630
685
6887
2595
3835
1477
2185
9144
5184
4420
7855
1683
9358
2365
9322
9451
6482
4443
2582
6678
9716
1405
2033
4354
8292
4399
5877
111
283
171
1479
1179
8031
621
2964
1737
5324
8278
5561
2250
3316
8451
7971
4285
9177
5203
4758
7950
6007
6328
99
1998
4685
29
6957
6301
9140
6409
8037
6492
5353
1437
8475
8139
4560
5817
4752
8527
4868
6809
2640
2394
379
7860
2263
6384
4813
3451
3637
2029
1875
8044
9268
2778
7785
2641
8136
1970
17
3938
5283
7282
8105
5098
9809
9110
8174
394
9916
3201
5948
6190
5956
1127
9810
3885
8119
601
1131
5991
5886
1847
1981
51
8101
3457
6683
2960
401
5010
7582
7248
2078
778
4221
2560
2029
6661
1944
353
2113
7779
5157
3337
7034
6815
6939
7
3645
5156
7528
7957
362
374
8511
5982
4830
7112
5709
4981
3309
6141
3187
3126
2784
1677
2923
6568
6344
1189
9506
1727
6090
906
713
4040
3393
6467
1274
4762
7504
4407
2781
7837
1937
6709
5283
3788
5391
7052
8116
3829
231
9449
6225
5581
3184
8376
1223
6428
1897
9973
4206
8235
3300
7463
1429
9928
2564
5216
6938
6775
9172
6005
3177
6142
7567
5099
800
2707
6399
3362
2436
1937
1053
9470
9540
2624
1870
8405
3809
8808
9775
7020
7847
3315
3828
6617
5018
4691
2970
67
4092
3995
1734
7992
5914
4525
3417
9082
1823
377
8142
1121
1610
5106
3127
328
2624
7314
5147
4369
2891
5577
1387
9227
7928
3718
9984
4264
6812
5415
7553
9505
9213
452
8638
8123
5972
1885
7355
5255
7821
1293
8855
3852
6487
6534
4050
6541
4616
7683
6110
1635
3322
1040
3972
5797
5817
7876
6503
751
9357
6035
6001
8073
6504
3242
9095
5741
9779
297
6803
6245
5917
3348
6989
5119
7676
7796
2652
5671
2086
2092
8446
3005
2390
5672
481
1958
9602
3660
6717
5412
8436
570
909
1589
6309
3252
3130
5326
5879
7259
7321
4617
3935
7898
8377
3502
312
7473
3748
347
1358
1388
6321
8722
8864
8463
7882
2116
8970
3199
471
4101
1939
1674
5914
7341
8424
7271
2835
7135
4889
6490
487
6294
586
2746
8726
228
7883
5418
1664
7903
8568
7225
5891
9048
3821
8107
2472
8747
1231
3077
9932
4010
6525
4768
8607
4143
3534
953
3708
4823
8640
961
5018
6704
606
934
5259
4903
3783
3414
240
5358
4711
2927
9710
3250
2963
7482
1764
574
8569
6947
4030
1066
6683
3215
870
2472
540
9021
6910
2314
1180
8153
957
4346
976
9835
8033
9354
255
7091
6754
1948
4030
2988
967
1109
652
7364
3993
4762
9436
6314
2029
6677
1309
6990
3140
8593
8468
3199
5285
5722
322
9504
5150
5483
2506
3993
6821
1640
3218
7422
5637
2053
5946
3727
8687
7306
1592
1428
1291
8342
7817
9802
2087
184
9847
9299
444
8766
2215
2941
1562
9789
938
40
9069
831
8424
5715
1554
6537
4352
3708
7112
2778
5658
3631
9878
4096
3576
6227
7629
6905
15
9033
1753
3714
362
5055
5111
9233
6196
4915
9117
5665
4139
2260
5852
4806
9327
1745
6872
3322
8365
5062
4271
4817
7384
8922
9490
4215
5370
2592
9015
4909
23
5952
2240
3192
155
7780
2560
9351
9843
6346
8823
4004
5637
5847
4605
2872
924
5912
5138
5127
7967
1979
6789
8415
1730
9900
4208
4768
9212
9181
2349
9528
9090
1820
6852
7657
9403
9083
430
4896
8018
9991
9482
5939
8210
1701
2960
6963
4867
639
9824
4981
2720
9404
5256
9671
6100
1598
1214
905
6196
1294
5826
9458
5554
3427
2152
9808
3715
5167
2632
9259
5709
6305
4944
9499
7441
9125
5355
9104
9247
4154
5857
8312
9732
8783
4192
6856
9326
6890
4223
2892
2218
5532
5211
2752
380
329
5927
5998
1436
7486
2210
3815
1525
7894
7089
8360
1823
4770
372
6575
7863
6636
8642
1236
4092
2005
4947
6954
5293
6308
1261
8314
9889
6260
7452
4651
6905
8545
898
4497
9139
8464
961
2507
423
5641
7424
3501
4269
9820
3009
1333
2834
876
7311
5527
6770
4786
4953
8863
5314
5523
8942
6095
5587
1782
325
6992
2954
9944
2007
7773
6459
8496
6421
380
6966
5817
3569
3519
2456
6969
7824
1356
3394
1199
210
2017
8617
1930
1011
3045
5279
1956
592
5017
4070
6302
8308
6209
5494
5875
2002
8417
2304
9355
412
6640
7472
8450
996
5021
7145
7126
4092
7912
7277
8054
8111
5096
3547
1911
2513
3909
1449
413
8858
1872
2485
291
9592
2347
9533
610
7903
1404
841
1305
6493
1410
3567
613
1048
213
2484
3152
1466
6131
5918
7820
4351
7929
3141
4871
8802
9688
931
8025
4246
1370
3557
256
9384
945
8071
605
8265
7663
1913
9322
4211
9874
6637
6333
964
1665
6125
7671
40
9998
3319
6037
5873
794
5901
7598
8202
7485
4160
7418
7592
1972
7001
7778
3291
4573
3601
9991
9909
8865
2059
272
9278
6221
9429
1340
9525
582
5281
9408
8862
1767
1944
7267
4180
5645
8935
87
3489
9872
118
617
701
7276
9394
1969
8335
2879
3322
6864
8574
8178
2922
7427
4231
8149
3480
5439
8303
7858
1955
3074
1396
1278
7447
438
8624
3781
6031
7445
9507
9993
6817
978
6244
83
2929
503
4035
4162
2087
8872
2037
930
1155
3333
8438
1640
162
6260
5699
5143
8989
1896
508
1842
9742
6868
2229
7369
7007
2823
1022
1956
8148
1629
7830
4025
1253
9875
9146
3308
9170
9873
241
7394
2116
8185
450
845
9595
8573
7939
4793
9241
6792
9772
4095
9979
3862
6172
507
9090
9163
7438
8693
6218
2257
4038
3455
3786
7600
79
155
7251
3186
3898
4451
2334
3346
2907
1230
5835
1031
4815
2583
5541
7600
1691
4186
6130
4229
1535
1391
3963
111
2225
2109
6885
1556
713
636
1729
6024
3937
1082
9682
4111
221
1420
5628
6187
3498
6275
2472
6449
8059
6085
2037
6477
6376
442
5973
3217
7029
8167
3745
9447
6017
3513
7826
2010
3380
3008
3995
9886
11
837
9899
5300
2287
7861
3215
1202
3090
4813
508
2821
6149
6503
2405
5533
4216
4218
3318
5067
2888
9895
3158
5032
3224
3097
6157
8848
6299
208
3735
1787
2536
6982
8802
3608
5520
2726
5059
6827
5807
7110
2780
3778
7019
7952
2352
1692
8927
8229
5457
3506
2076
6444
9453
1748
7474
7412
8595
5419
4523
4730
4959
9923
37
1700
7917
277
7813
6888
5188
8111
156
76
1710
1196
213
4046
3570
2593
8518
6028
1911
8612
8411
210
436
2601
8148
5403
8921
3097
8449
4568
2355
6611
7856
7793
5173
7836
2623
3006
3303
8930
5799
9445
701
8774
6121
605
6845
4320
6743
1042
683
453
7837
8502
320
2353
6319
7860
1911
8936
6527
1025
4975
6471
6645
7966
4275
7174
4127
8338
1182
2208
8704
1365
4307
9301
2345
259
6824
5722
7486
5040
4101
9385
5354
9768
7353
8762
6821
1774
3406
3567
3059
6601
2675
478
3237
1668
1344
7051
8726
8624
1024
1597
5017
9935
5278
320
4871
8551
9833
6053
4332
2507
6595
2972
4147
7925
3838
2429
1319
2354
4876
7121
7909
3366
6682
8985
2688
1929
3098
3822
1445
2486
2918
2494
8069
827
4414
881
5384
7187
4124
4084
3804
7785
8148
8455
4209
8183
7001
548
1171
328
456
1766
8457
8923
796
4453
1519
3686
2166
8567
1987
1388
172
3596
3946
9974
7948
5522
7540
4590
3022
6626
5967
6146
3363
1956
6224
5279
6131
8919
9160
5089
6109
2428
539
3398
6593
9237
9494
4361
7682
4822
932
4851
4137
4
6242
640
3557
4800
6108
8440
1426
3132
7611
4646
4208
2624
966
1517
8599
5561
7781
1867
6574
1259
3250
7784
3541
9319
3303
1829
5397
4711
647
5806
8433
5929
9196
7427
7586
9618
5252
5317
3816
4626
274
499
4780
4472
2075
94
6475
4919
2037
7558
9204
9008
8154
2463
4325
5577
345
3416
7524
8568
8432
8183
1271
6325
9545
8908
1775
878
5361
2155
2305
554
4236
9294
7682
4706
4600
802
8269
6636
1940
6089
2464
7651
9648
430
258
4813
6279
1460
3074
3138
1586
220
6044
4457
9978
5630
366
5948
9380
7821
3927
6092
790
9313
2251
5371
6720
6213
9407
4443
8993
8486
2910
5111
5522
3374
1920
3111
3965
9878
3711
9670
5700
575
5972
971
7676
3449
4956
1450
8492
6104
9222
8295
6059
3704
9901
5243
2842
7971
7857
2794
4532
9278
7009
5710
3823
8583
7630
375
4718
9344
5651
9819
2465
2023
4278
6492
1761
5805
8038
8612
5521
1061
3811
2194
8805
713
6267
6965
1464
9094
331
3385
1990
5717
6284
2612
125
9305
1616
3645
3001
8753
9293
4908
8837
4523
9252
5418
2043
186
1130
7474
978
2246
8308
3720
3175
5259
9396
6390
2825
5469
9314
2321
8156
9833
9519
6976
4110
5723
3737
830
9796
1171
3942
9448
5851
3804
6972
4670
6178
4743
1721
5387
1028
3601
3202
4612
2921
4603
1129
4939
1720
5000
6319
9804
2869
9805
5745
2528
7841
1392
1535
1287
7151
8828
2629
3390
5149
6294
8030
7885
8111
9599
4351
1083
2046
9110
2671
9187
4056
4812
226
1620
8947
881
917
6243
3321
4815
7565
7555
9313
9390
8680
7806
7220
4982
7196
2873
8901
2091
747
9779
7922
7291
412
3313
3022
2166
3408
2879
6299
2318
7593
5832
7533
5178
2046
598
5497
3623
4564
662
4394
7362
2195
2552
9330
4931
3269
838
4452
3342
1312
3004
5935
1677
7544
9353
4295
8376
3930
4382
3165
7528
6108
8718
9616
7082
4840
9633
9380
8588
6886
3772
7106
182
4120
5551
8705
5316
9331
5834
6080
9588
2685
273
4517
9505
5381
6904
3845
2100
4416
2030
5591
6533
5348
9270
7991
7269
1292
9665
7716
8401
5530
6591
6949
